"year","week","zone","spp","mosq_L","trap_L","abund"
2014,30,"FC","Pipiens",564,43,13.12
2014,30,"FC","Tarsalis",6528,43,151.81
2014,30,"LV","Pipiens",57,10,5.7
2014,30,"LV","Tarsalis",1255,10,125.5
2014,30,"NE","Pipiens",189,10,18.9
2014,30,"NE","Tarsalis",2196,10,219.6
2014,30,"NW","Pipiens",64,9,7.11
2014,30,"NW","Tarsalis",824,9,91.56
2014,30,"SE","Pipiens",287,15,19.13
2014,30,"SE","Tarsalis",3077,15,205.13
2014,30,"SW","Pipiens",24,9,2.67
2014,30,"SW","Tarsalis",431,9,47.89
2015,24,"FC","Pipiens",35,43,0.81
2015,24,"FC","Tarsalis",256,43,5.95
2015,24,"LV","Pipiens",0,6,0
2015,24,"LV","Tarsalis",68,6,11.33
2015,24,"NE","Pipiens",10,10,1
2015,24,"NE","Tarsalis",121,10,12.1
2015,24,"NW","Pipiens",8,9,0.89
2015,24,"NW","Tarsalis",19,9,2.11
2015,24,"SE","Pipiens",5,15,0.33
2015,24,"SE","Tarsalis",78,15,5.2
2015,24,"SW","Pipiens",12,9,1.33
2015,24,"SW","Tarsalis",38,9,4.22
2015,25,"FC","Pipiens",65,43,1.51
2015,25,"FC","Tarsalis",1965,43,45.7
2015,25,"LV","Pipiens",0,6,0
2015,25,"LV","Tarsalis",1482,6,247
2015,25,"NE","Pipiens",36,10,3.6
2015,25,"NE","Tarsalis",577,10,57.7
2015,25,"NW","Pipiens",8,9,0.89
2015,25,"NW","Tarsalis",192,9,21.33
2015,25,"SE","Pipiens",16,15,1.07
2015,25,"SE","Tarsalis",1039,15,69.27
2015,25,"SW","Pipiens",5,9,0.56
2015,25,"SW","Tarsalis",157,9,17.44
2015,26,"FC","Pipiens",104,43,2.42
2015,26,"FC","Tarsalis",2162,43,50.28
2015,26,"LV","Pipiens",14,6,2.33
2015,26,"LV","Tarsalis",587,6,97.83
2015,26,"NE","Pipiens",20,10,2
2015,26,"NE","Tarsalis",776,10,77.6
2015,26,"NW","Pipiens",25,9,2.78
2015,26,"NW","Tarsalis",290,9,32.22
2015,26,"SE","Pipiens",52,15,3.47
2015,26,"SE","Tarsalis",1006,15,67.07
2015,26,"SW","Pipiens",7,9,0.78
2015,26,"SW","Tarsalis",90,9,10
2015,27,"FC","Pipiens",191,43,4.44
2015,27,"FC","Tarsalis",1397,43,32.49
2015,27,"LV","Pipiens",15,6,2.5
2015,27,"LV","Tarsalis",1224,6,204
2015,27,"NE","Pipiens",92,10,9.2
2015,27,"NE","Tarsalis",482,10,48.2
2015,27,"NW","Pipiens",51,9,5.67
2015,27,"NW","Tarsalis",107,9,11.89
2015,27,"SE","Pipiens",38,15,2.53
2015,27,"SE","Tarsalis",747,15,49.8
2015,27,"SW","Pipiens",10,9,1.11
2015,27,"SW","Tarsalis",61,9,6.78
2015,28,"FC","Pipiens",288,43,6.7
2015,28,"FC","Tarsalis",3341,43,77.7
2015,28,"LV","Pipiens",24,6,4
2015,28,"LV","Tarsalis",1370,6,228.33
2015,28,"NE","Pipiens",84,10,8.4
2015,28,"NE","Tarsalis",1137,10,113.7
2015,28,"NW","Pipiens",68,9,7.56
2015,28,"NW","Tarsalis",235,9,26.11
2015,28,"SE","Pipiens",113,15,7.53
2015,28,"SE","Tarsalis",1886,15,125.73
2015,28,"SW","Pipiens",23,9,2.56
2015,28,"SW","Tarsalis",83,9,9.22
2015,29,"FC","Pipiens",396,43,9.21
2015,29,"FC","Tarsalis",3298,43,76.7
2015,29,"LV","Pipiens",30,6,5
2015,29,"LV","Tarsalis",1089,6,181.5
2015,29,"NE","Pipiens",95,10,9.5
2015,29,"NE","Tarsalis",918,10,91.8
2015,29,"NW","Pipiens",103,9,11.44
2015,29,"NW","Tarsalis",413,9,45.89
2015,29,"SE","Pipiens",149,15,9.93
2015,29,"SE","Tarsalis",1623,15,108.2
2015,29,"SW","Pipiens",49,9,5.44
2015,29,"SW","Tarsalis",344,9,38.22
2015,30,"FC","Pipiens",483,43,11.23
2015,30,"FC","Tarsalis",4799,43,111.6
2015,30,"LV","Pipiens",15,6,2.5
2015,30,"LV","Tarsalis",1303,6,217.17
2015,30,"NE","Pipiens",130,10,13
2015,30,"NE","Tarsalis",1780,10,178
2015,30,"NW","Pipiens",105,9,11.67
2015,30,"NW","Tarsalis",680,9,75.56
2015,30,"SE","Pipiens",210,15,14
2015,30,"SE","Tarsalis",2012,15,134.13
2015,30,"SW","Pipiens",38,9,4.22
2015,30,"SW","Tarsalis",327,9,36.33
2015,31,"FC","Pipiens",465,43,10.81
2015,31,"FC","Tarsalis",2822,43,65.63
2015,31,"LV","Pipiens",15,6,2.5
2015,31,"LV","Tarsalis",499,6,83.17
2015,31,"NE","Pipiens",163,10,16.3
2015,31,"NE","Tarsalis",1388,10,138.8
2015,31,"NW","Pipiens",93,9,10.33
2015,31,"NW","Tarsalis",416,9,46.22
2015,31,"SE","Pipiens",142,15,9.47
2015,31,"SE","Tarsalis",740,15,49.33
2015,31,"SW","Pipiens",67,9,7.44
2015,31,"SW","Tarsalis",278,9,30.89
2015,32,"FC","Pipiens",369,43,8.58
2015,32,"FC","Tarsalis",1219,43,28.35
2015,32,"LV","Pipiens",22,6,3.67
2015,32,"LV","Tarsalis",234,6,39
2015,32,"NE","Pipiens",114,10,11.4
2015,32,"NE","Tarsalis",569,10,56.9
2015,32,"NW","Pipiens",102,9,11.33
2015,32,"NW","Tarsalis",279,9,31
2015,32,"SE","Pipiens",146,15,9.73
2015,32,"SE","Tarsalis",340,15,22.67
2015,32,"SW","Pipiens",7,9,0.78
2015,32,"SW","Tarsalis",31,9,3.44
2015,33,"FC","Pipiens",318,43,7.4
2015,33,"FC","Tarsalis",313,43,7.28
2015,33,"LV","Pipiens",23,6,3.83
2015,33,"LV","Tarsalis",76,6,12.67
2015,33,"NE","Pipiens",141,10,14.1
2015,33,"NE","Tarsalis",127,10,12.7
2015,33,"NW","Pipiens",42,9,4.67
2015,33,"NW","Tarsalis",30,9,3.33
2015,33,"SE","Pipiens",111,15,7.4
2015,33,"SE","Tarsalis",132,15,8.8
2015,33,"SW","Pipiens",24,9,2.67
2015,33,"SW","Tarsalis",24,9,2.67
2015,34,"FC","Pipiens",376,43,8.74
2015,34,"FC","Tarsalis",408,43,9.49
2015,34,"LV","Pipiens",37,6,6.17
2015,34,"LV","Tarsalis",146,6,24.33
2015,34,"NE","Pipiens",101,10,10.1
2015,34,"NE","Tarsalis",72,10,7.2
2015,34,"NW","Pipiens",53,9,5.89
2015,34,"NW","Tarsalis",95,9,10.56
2015,34,"SE","Pipiens",189,15,12.6
2015,34,"SE","Tarsalis",162,15,10.8
2015,34,"SW","Pipiens",33,9,3.67
2015,34,"SW","Tarsalis",79,9,8.78
2015,35,"FC","Pipiens",365,43,8.49
2015,35,"FC","Tarsalis",252,43,5.86
2015,35,"LV","Pipiens",4,6,0.67
2015,35,"LV","Tarsalis",118,6,19.67
2015,35,"NE","Pipiens",141,10,14.1
2015,35,"NE","Tarsalis",113,10,11.3
2015,35,"NW","Pipiens",26,9,2.89
2015,35,"NW","Tarsalis",22,9,2.44
2015,35,"SE","Pipiens",187,15,12.47
2015,35,"SE","Tarsalis",72,15,4.8
2015,35,"SW","Pipiens",11,9,1.22
2015,35,"SW","Tarsalis",45,9,5
2015,37,"FC","Pipiens",218,43,5.07
2015,37,"FC","Tarsalis",40,43,0.93
2015,37,"NE","Pipiens",92,10,9.2
2015,37,"NE","Tarsalis",16,10,1.6
2015,37,"NW","Pipiens",18,9,2
2015,37,"NW","Tarsalis",12,9,1.33
2015,37,"SE","Pipiens",108,15,7.2
2015,37,"SE","Tarsalis",4,15,0.27
2015,37,"SW","Pipiens",0,9,0
2015,37,"SW","Tarsalis",8,9,0.89
2016,24,"FC","Pipiens",21,43,0.49
2016,24,"FC","Tarsalis",39,43,0.91
2016,24,"LV","Pipiens",4,6,0.67
2016,24,"LV","Tarsalis",43,6,7.17
2016,24,"NE","Pipiens",4,10,0.4
2016,24,"NE","Tarsalis",15,10,1.5
2016,24,"NW","Pipiens",7,9,0.78
2016,24,"NW","Tarsalis",3,9,0.33
2016,24,"SE","Pipiens",8,15,0.53
2016,24,"SE","Tarsalis",19,15,1.27
2016,24,"SW","Pipiens",2,9,0.22
2016,24,"SW","Tarsalis",2,9,0.22
2016,25,"FC","Pipiens",55,43,1.28
2016,25,"FC","Tarsalis",263,43,6.12
2016,25,"LV","Pipiens",2,6,0.33
2016,25,"LV","Tarsalis",316,6,52.67
2016,25,"NE","Pipiens",32,10,3.2
2016,25,"NE","Tarsalis",98,10,9.8
2016,25,"NW","Pipiens",8,9,0.89
2016,25,"NW","Tarsalis",17,9,1.89
2016,25,"SE","Pipiens",10,15,0.67
2016,25,"SE","Tarsalis",128,15,8.53
2016,25,"SW","Pipiens",5,9,0.56
2016,25,"SW","Tarsalis",20,9,2.22
2016,26,"FC","Pipiens",125,43,2.91
2016,26,"FC","Tarsalis",580,43,13.49
2016,26,"LV","Pipiens",3,6,0.5
2016,26,"LV","Tarsalis",369,6,61.5
2016,26,"NE","Pipiens",53,10,5.3
2016,26,"NE","Tarsalis",145,10,14.5
2016,26,"NW","Pipiens",22,9,2.44
2016,26,"NW","Tarsalis",38,9,4.22
2016,26,"SE","Pipiens",39,15,2.6
2016,26,"SE","Tarsalis",367,15,24.47
2016,26,"SW","Pipiens",11,9,1.22
2016,26,"SW","Tarsalis",30,9,3.33
2016,27,"FC","Pipiens",263,43,6.12
2016,27,"FC","Tarsalis",783,43,18.21
2016,27,"LV","Pipiens",17,6,2.83
2016,27,"LV","Tarsalis",177,6,29.5
2016,27,"NE","Pipiens",100,10,10
2016,27,"NE","Tarsalis",163,10,16.3
2016,27,"NW","Pipiens",65,9,7.22
2016,27,"NW","Tarsalis",47,9,5.22
2016,27,"SE","Pipiens",86,15,5.73
2016,27,"SE","Tarsalis",569,15,37.93
2016,27,"SW","Pipiens",12,9,1.33
2016,27,"SW","Tarsalis",4,9,0.44
2016,28,"FC","Pipiens",297,43,6.91
2016,28,"FC","Tarsalis",1659,43,38.58
2016,28,"LV","Pipiens",10,6,1.67
2016,28,"LV","Tarsalis",465,6,77.5
2016,28,"NE","Pipiens",88,10,8.8
2016,28,"NE","Tarsalis",579,10,57.9
2016,28,"NW","Pipiens",132,9,14.67
2016,28,"NW","Tarsalis",340,9,37.78
2016,28,"SE","Pipiens",48,15,3.2
2016,28,"SE","Tarsalis",663,15,44.2
2016,28,"SW","Pipiens",29,9,3.22
2016,28,"SW","Tarsalis",77,9,8.56
2016,29,"FC","Pipiens",314,43,7.3
2016,29,"FC","Tarsalis",1281,43,29.79
2016,29,"LV","Pipiens",15,6,2.5
2016,29,"LV","Tarsalis",376,6,62.67
2016,29,"NE","Pipiens",151,10,15.1
2016,29,"NE","Tarsalis",537,10,53.7
2016,29,"NW","Pipiens",106,9,11.78
2016,29,"NW","Tarsalis",310,9,34.44
2016,29,"SE","Pipiens",43,15,2.87
2016,29,"SE","Tarsalis",306,15,20.4
2016,29,"SW","Pipiens",14,9,1.56
2016,29,"SW","Tarsalis",128,9,14.22
2016,30,"FC","Pipiens",403,43,9.37
2016,30,"FC","Tarsalis",1561,43,36.3
2016,30,"LV","Pipiens",19,6,3.17
2016,30,"LV","Tarsalis",569,6,94.83
2016,30,"NE","Pipiens",136,10,13.6
2016,30,"NE","Tarsalis",430,10,43
2016,30,"NW","Pipiens",170,9,18.89
2016,30,"NW","Tarsalis",248,9,27.56
2016,30,"SE","Pipiens",73,15,4.87
2016,30,"SE","Tarsalis",725,15,48.33
2016,30,"SW","Pipiens",24,9,2.67
2016,30,"SW","Tarsalis",158,9,17.56
2016,31,"FC","Pipiens",584,43,13.58
2016,31,"FC","Tarsalis",1643,43,38.21
2016,31,"LV","Pipiens",23,6,3.83
2016,31,"LV","Tarsalis",355,6,59.17
2016,31,"NE","Pipiens",245,10,24.5
2016,31,"NE","Tarsalis",345,10,34.5
2016,31,"NW","Pipiens",199,9,22.11
2016,31,"NW","Tarsalis",324,9,36
2016,31,"SE","Pipiens",110,15,7.33
2016,31,"SE","Tarsalis",767,15,51.13
2016,31,"SW","Pipiens",30,9,3.33
2016,31,"SW","Tarsalis",207,9,23
2016,32,"FC","Pipiens",738,43,17.16
2016,32,"FC","Tarsalis",1494,43,34.74
2016,32,"LV","Pipiens",19,6,3.17
2016,32,"LV","Tarsalis",414,6,69
2016,32,"NE","Pipiens",321,10,32.1
2016,32,"NE","Tarsalis",634,10,63.4
2016,32,"NW","Pipiens",290,9,32.22
2016,32,"NW","Tarsalis",226,9,25.11
2016,32,"SE","Pipiens",95,15,6.33
2016,32,"SE","Tarsalis",495,15,33
2016,32,"SW","Pipiens",32,9,3.56
2016,32,"SW","Tarsalis",139,9,15.44
2016,33,"FC","Pipiens",762,43,17.72
2016,33,"FC","Tarsalis",1204,43,28
2016,33,"LV","Pipiens",16,6,2.67
2016,33,"LV","Tarsalis",289,6,48.17
2016,33,"NE","Pipiens",425,10,42.5
2016,33,"NE","Tarsalis",516,10,51.6
2016,33,"NW","Pipiens",221,9,24.56
2016,33,"NW","Tarsalis",209,9,23.22
2016,33,"SE","Pipiens",96,15,6.4
2016,33,"SE","Tarsalis",394,15,26.27
2016,33,"SW","Pipiens",20,9,2.22
2016,33,"SW","Tarsalis",85,9,9.44
2016,34,"FC","Pipiens",186,43,4.33
2016,34,"FC","Tarsalis",306,43,7.12
2016,34,"LV","Pipiens",32,8,4
2016,34,"LV","Tarsalis",153,8,19.12
2016,34,"NE","Pipiens",68,10,6.8
2016,34,"NE","Tarsalis",27,10,2.7
2016,34,"NW","Pipiens",60,9,6.67
2016,34,"NW","Tarsalis",87,9,9.67
2016,34,"SE","Pipiens",49,15,3.27
2016,34,"SE","Tarsalis",124,15,8.27
2016,34,"SW","Pipiens",9,9,1
2016,34,"SW","Tarsalis",68,9,7.56
2016,35,"FC","Pipiens",311,43,7.23
2016,35,"FC","Tarsalis",176,43,4.09
2016,35,"LV","Pipiens",8,6,1.33
2016,35,"LV","Tarsalis",53,6,8.83
2016,35,"NE","Pipiens",128,10,12.8
2016,35,"NE","Tarsalis",28,10,2.8
2016,35,"NW","Pipiens",111,9,12.33
2016,35,"NW","Tarsalis",25,9,2.78
2016,35,"SE","Pipiens",64,15,4.27
2016,35,"SE","Tarsalis",108,15,7.2
2016,35,"SW","Pipiens",8,9,0.89
2016,35,"SW","Tarsalis",15,9,1.67
2016,36,"FC","Pipiens",387,43,9
2016,36,"FC","Tarsalis",159,43,3.7
2016,36,"NE","Pipiens",218,10,21.8
2016,36,"NE","Tarsalis",38,10,3.8
2016,36,"NW","Pipiens",124,9,13.78
2016,36,"NW","Tarsalis",57,9,6.33
2016,36,"SE","Pipiens",33,15,2.2
2016,36,"SE","Tarsalis",35,15,2.33
2016,36,"SW","Pipiens",12,9,1.33
2016,36,"SW","Tarsalis",29,9,3.22
2016,37,"FC","Pipiens",277,43,6.44
2016,37,"FC","Tarsalis",66,43,1.53
2016,37,"NE","Pipiens",79,10,7.9
2016,37,"NE","Tarsalis",25,10,2.5
2016,37,"NW","Pipiens",179,9,19.89
2016,37,"NW","Tarsalis",18,9,2
2016,37,"SE","Pipiens",15,15,1
2016,37,"SE","Tarsalis",17,15,1.13
2016,37,"SW","Pipiens",4,9,0.44
2016,37,"SW","Tarsalis",6,9,0.67
2017,24,"BE","Pipiens",0,4,0
2017,24,"BE","Tarsalis",33,4,8.25
2017,24,"FC","Pipiens",14,43,0.33
2017,24,"FC","Tarsalis",117,43,2.72
2017,24,"LV","Pipiens",1,6,0.17
2017,24,"LV","Tarsalis",50,6,8.33
2017,24,"NE","Pipiens",4,10,0.4
2017,24,"NE","Tarsalis",28,10,2.8
2017,24,"NW","Pipiens",4,9,0.44
2017,24,"NW","Tarsalis",19,9,2.11
2017,24,"SE","Pipiens",4,15,0.27
2017,24,"SE","Tarsalis",65,15,4.33
2017,24,"SW","Pipiens",2,9,0.22
2017,24,"SW","Tarsalis",5,9,0.56
2017,25,"BE","Pipiens",2,4,0.5
2017,25,"BE","Tarsalis",314,4,78.5
2017,25,"FC","Pipiens",18,43,0.42
2017,25,"FC","Tarsalis",264,43,6.14
2017,25,"LV","Pipiens",1,6,0.17
2017,25,"LV","Tarsalis",165,6,27.5
2017,25,"NE","Pipiens",2,10,0.2
2017,25,"NE","Tarsalis",38,10,3.8
2017,25,"NW","Pipiens",3,9,0.33
2017,25,"NW","Tarsalis",10,9,1.11
2017,25,"SE","Pipiens",7,15,0.47
2017,25,"SE","Tarsalis",198,15,13.2
2017,25,"SW","Pipiens",6,9,0.67
2017,25,"SW","Tarsalis",18,9,2
2017,26,"BE","Pipiens",0,4,0
2017,26,"BE","Tarsalis",116,4,29
2017,26,"FC","Pipiens",70,43,1.63
2017,26,"FC","Tarsalis",839,43,19.51
2017,26,"LV","Pipiens",5,6,0.83
2017,26,"LV","Tarsalis",234,6,39
2017,26,"NE","Pipiens",20,10,2
2017,26,"NE","Tarsalis",79,10,7.9
2017,26,"NW","Pipiens",25,9,2.78
2017,26,"NW","Tarsalis",76,9,8.44
2017,26,"SE","Pipiens",21,15,1.4
2017,26,"SE","Tarsalis",638,15,42.53
2017,26,"SW","Pipiens",4,9,0.44
2017,26,"SW","Tarsalis",46,9,5.11
2017,27,"BE","Pipiens",4,4,1
2017,27,"BE","Tarsalis",234,4,58.5
2017,27,"FC","Pipiens",47,43,1.09
2017,27,"FC","Tarsalis",875,43,20.35
2017,27,"LV","Pipiens",4,6,0.67
2017,27,"LV","Tarsalis",280,6,46.67
2017,27,"NE","Pipiens",20,10,2
2017,27,"NE","Tarsalis",309,10,30.9
2017,27,"NW","Pipiens",12,9,1.33
2017,27,"NW","Tarsalis",89,9,9.89
2017,27,"SE","Pipiens",12,15,0.8
2017,27,"SE","Tarsalis",462,15,30.8
2017,27,"SW","Pipiens",3,9,0.33
2017,27,"SW","Tarsalis",15,9,1.67
2017,28,"BE","Pipiens",2,4,0.5
2017,28,"BE","Tarsalis",469,4,117.25
2017,28,"FC","Pipiens",151,43,3.51
2017,28,"FC","Tarsalis",3987,43,92.72
2017,28,"LV","Pipiens",10,6,1.67
2017,28,"LV","Tarsalis",350,6,58.33
2017,28,"NE","Pipiens",13,10,1.3
2017,28,"NE","Tarsalis",330,10,33
2017,28,"NW","Pipiens",18,9,2
2017,28,"NW","Tarsalis",111,9,12.33
2017,28,"SE","Pipiens",110,15,7.33
2017,28,"SE","Tarsalis",3503,15,233.53
2017,28,"SW","Pipiens",10,9,1.11
2017,28,"SW","Tarsalis",43,9,4.78
2017,29,"BE","Pipiens",19,4,4.75
2017,29,"BE","Tarsalis",388,4,97
2017,29,"FC","Pipiens",88,43,2.05
2017,29,"FC","Tarsalis",2857,43,66.44
2017,29,"LV","Pipiens",13,6,2.17
2017,29,"LV","Tarsalis",593,6,98.83
2017,29,"NE","Pipiens",38,10,3.8
2017,29,"NE","Tarsalis",932,10,93.2
2017,29,"NW","Pipiens",10,9,1.11
2017,29,"NW","Tarsalis",216,9,24
2017,29,"SE","Pipiens",36,15,2.4
2017,29,"SE","Tarsalis",1600,15,106.67
2017,29,"SW","Pipiens",4,9,0.44
2017,29,"SW","Tarsalis",109,9,12.11
2017,30,"BE","Pipiens",2,4,0.5
2017,30,"BE","Tarsalis",25,4,6.25
2017,30,"FC","Pipiens",176,43,4.09
2017,30,"FC","Tarsalis",2100,43,48.84
2017,30,"LV","Pipiens",11,6,1.83
2017,30,"LV","Tarsalis",1077,6,179.5
2017,30,"NE","Pipiens",97,10,9.7
2017,30,"NE","Tarsalis",599,10,59.9
2017,30,"NW","Pipiens",40,9,4.44
2017,30,"NW","Tarsalis",290,9,32.22
2017,30,"SE","Pipiens",20,15,1.33
2017,30,"SE","Tarsalis",1118,15,74.53
2017,30,"SW","Pipiens",19,9,2.11
2017,30,"SW","Tarsalis",93,9,10.33
2017,31,"BE","Pipiens",11,4,2.75
2017,31,"BE","Tarsalis",154,4,38.5
2017,31,"FC","Pipiens",177,43,4.12
2017,31,"FC","Tarsalis",1409,43,32.77
2017,31,"LV","Pipiens",11,6,1.83
2017,31,"LV","Tarsalis",505,6,84.17
2017,31,"NE","Pipiens",45,10,4.5
2017,31,"NE","Tarsalis",237,10,23.7
2017,31,"NW","Pipiens",46,9,5.11
2017,31,"NW","Tarsalis",158,9,17.56
2017,31,"SE","Pipiens",71,15,4.73
2017,31,"SE","Tarsalis",865,15,57.67
2017,31,"SW","Pipiens",15,9,1.67
2017,31,"SW","Tarsalis",149,9,16.56
2017,32,"BE","Pipiens",4,4,1
2017,32,"BE","Tarsalis",105,4,26.25
2017,32,"FC","Pipiens",292,43,6.79
2017,32,"FC","Tarsalis",559,43,13
2017,32,"LV","Pipiens",4,6,0.67
2017,32,"LV","Tarsalis",130,6,21.67
2017,32,"NE","Pipiens",127,10,12.7
2017,32,"NE","Tarsalis",122,10,12.2
2017,32,"NW","Pipiens",95,9,10.56
2017,32,"NW","Tarsalis",73,9,8.11
2017,32,"SE","Pipiens",61,15,4.07
2017,32,"SE","Tarsalis",336,15,22.4
2017,32,"SW","Pipiens",9,9,1
2017,32,"SW","Tarsalis",28,9,3.11
2017,33,"BE","Pipiens",15,4,3.75
2017,33,"BE","Tarsalis",56,4,14
2017,33,"FC","Pipiens",251,43,5.84
2017,33,"FC","Tarsalis",386,43,8.98
2017,33,"LV","Pipiens",14,6,2.33
2017,33,"LV","Tarsalis",129,6,21.5
2017,33,"NE","Pipiens",104,10,10.4
2017,33,"NE","Tarsalis",114,10,11.4
2017,33,"NW","Pipiens",79,9,8.78
2017,33,"NW","Tarsalis",78,9,8.67
2017,33,"SE","Pipiens",53,15,3.53
2017,33,"SE","Tarsalis",145,15,9.67
2017,33,"SW","Pipiens",15,9,1.67
2017,33,"SW","Tarsalis",49,9,5.44
2017,34,"BE","Pipiens",28,4,7
2017,34,"BE","Tarsalis",95,4,23.75
2017,34,"FC","Pipiens",229,43,5.33
2017,34,"FC","Tarsalis",418,43,9.72
2017,34,"LV","Pipiens",14,6,2.33
2017,34,"LV","Tarsalis",185,6,30.83
2017,34,"NE","Pipiens",66,10,6.6
2017,34,"NE","Tarsalis",77,10,7.7
2017,34,"NW","Pipiens",66,9,7.33
2017,34,"NW","Tarsalis",67,9,7.44
2017,34,"SE","Pipiens",90,15,6
2017,34,"SE","Tarsalis",218,15,14.53
2017,34,"SW","Pipiens",7,9,0.78
2017,34,"SW","Tarsalis",56,9,6.22
2017,35,"BE","Pipiens",0,4,0
2017,35,"BE","Tarsalis",6,4,1.5
2017,35,"FC","Pipiens",191,43,4.44
2017,35,"FC","Tarsalis",259,43,6.02
2017,35,"LV","Pipiens",6,6,1
2017,35,"LV","Tarsalis",55,6,9.17
2017,35,"NE","Pipiens",116,10,11.6
2017,35,"NE","Tarsalis",98,10,9.8
2017,35,"NW","Pipiens",24,9,2.67
2017,35,"NW","Tarsalis",60,9,6.67
2017,35,"SE","Pipiens",48,15,3.2
2017,35,"SE","Tarsalis",85,15,5.67
2017,35,"SW","Pipiens",3,9,0.33
2017,35,"SW","Tarsalis",16,9,1.78
2017,36,"FC","Pipiens",116,43,2.7
2017,36,"FC","Tarsalis",67,43,1.56
2017,36,"LV","Pipiens",12,6,2
2017,36,"LV","Tarsalis",38,6,6.33
2017,36,"NE","Pipiens",47,10,4.7
2017,36,"NE","Tarsalis",14,10,1.4
2017,36,"NW","Pipiens",16,9,1.78
2017,36,"NW","Tarsalis",24,9,2.67
2017,36,"SE","Pipiens",49,15,3.27
2017,36,"SE","Tarsalis",13,15,0.87
2017,36,"SW","Pipiens",4,9,0.44
2017,36,"SW","Tarsalis",16,9,1.78
2018,24,"BE","Pipiens",0,4,0
2018,24,"BE","Tarsalis",93,4,23.25
2018,24,"FC","Pipiens",33,43,0.77
2018,24,"FC","Tarsalis",388,43,9.02
2018,24,"LV","Pipiens",0,6,0
2018,24,"LV","Tarsalis",121,6,20.17
2018,24,"NE","Pipiens",0,10,0
2018,24,"NE","Tarsalis",65,10,6.5
2018,24,"NW","Pipiens",18,9,2
2018,24,"NW","Tarsalis",76,9,8.44
2018,24,"SE","Pipiens",13,15,0.87
2018,24,"SE","Tarsalis",216,15,14.4
2018,24,"SW","Pipiens",2,9,0.22
2018,24,"SW","Tarsalis",31,9,3.44
2018,25,"BE","Pipiens",3,4,0.75
2018,25,"BE","Tarsalis",22,4,5.5
2018,25,"FC","Pipiens",45,43,1.05
2018,25,"FC","Tarsalis",330,43,7.67
2018,25,"LV","Pipiens",3,6,0.5
2018,25,"LV","Tarsalis",110,6,18.33
2018,25,"NE","Pipiens",9,10,0.9
2018,25,"NE","Tarsalis",22,10,2.2
2018,25,"NW","Pipiens",4,9,0.44
2018,25,"NW","Tarsalis",23,9,2.56
2018,25,"SE","Pipiens",28,15,1.87
2018,25,"SE","Tarsalis",260,15,17.33
2018,25,"SW","Pipiens",4,9,0.44
2018,25,"SW","Tarsalis",25,9,2.78
2018,26,"BE","Pipiens",5,4,1.25
2018,26,"BE","Tarsalis",191,4,47.75
2018,26,"FC","Pipiens",102,43,2.37
2018,26,"FC","Tarsalis",1102,43,25.63
2018,26,"LV","Pipiens",2,6,0.33
2018,26,"LV","Tarsalis",158,6,26.33
2018,26,"NE","Pipiens",25,10,2.5
2018,26,"NE","Tarsalis",152,10,15.2
2018,26,"NW","Pipiens",30,9,3.33
2018,26,"NW","Tarsalis",171,9,19
2018,26,"SE","Pipiens",35,15,2.33
2018,26,"SE","Tarsalis",540,15,36
2018,26,"SW","Pipiens",12,9,1.33
2018,26,"SW","Tarsalis",239,9,26.56
2018,27,"BE","Pipiens",10,4,2.5
2018,27,"BE","Tarsalis",355,4,88.75
2018,27,"FC","Pipiens",174,43,4.05
2018,27,"FC","Tarsalis",2135,43,49.65
2018,27,"LV","Pipiens",0,6,0
2018,27,"LV","Tarsalis",320,6,53.33
2018,27,"NE","Pipiens",21,10,2.1
2018,27,"NE","Tarsalis",729,10,72.9
2018,27,"NW","Pipiens",99,9,11
2018,27,"NW","Tarsalis",267,9,29.67
2018,27,"SE","Pipiens",54,15,3.6
2018,27,"SE","Tarsalis",912,15,60.8
2018,27,"SW","Pipiens",0,9,0
2018,27,"SW","Tarsalis",227,9,25.22
2018,28,"BE","Pipiens",10,4,2.5
2018,28,"BE","Tarsalis",997,4,249.25
2018,28,"FC","Pipiens",152,43,3.53
2018,28,"FC","Tarsalis",2639,43,61.37
2018,28,"LV","Pipiens",8,6,1.33
2018,28,"LV","Tarsalis",746,6,124.33
2018,28,"NE","Pipiens",48,10,4.8
2018,28,"NE","Tarsalis",857,10,85.7
2018,28,"NW","Pipiens",34,9,3.78
2018,28,"NW","Tarsalis",411,9,45.67
2018,28,"SE","Pipiens",63,15,4.2
2018,28,"SE","Tarsalis",1144,15,76.27
2018,28,"SW","Pipiens",7,9,0.78
2018,28,"SW","Tarsalis",227,9,25.22
2018,29,"BE","Pipiens",18,4,4.5
2018,29,"BE","Tarsalis",186,4,46.5
2018,29,"FC","Pipiens",114,43,2.65
2018,29,"FC","Tarsalis",1330,43,30.93
2018,29,"LV","Pipiens",6,6,1
2018,29,"LV","Tarsalis",228,6,38
2018,29,"NE","Pipiens",55,10,5.5
2018,29,"NE","Tarsalis",139,10,13.9
2018,29,"NW","Pipiens",40,9,4.44
2018,29,"NW","Tarsalis",316,9,35.11
2018,29,"SE","Pipiens",12,15,0.8
2018,29,"SE","Tarsalis",659,15,43.93
2018,29,"SW","Pipiens",7,9,0.78
2018,29,"SW","Tarsalis",216,9,24
2018,30,"BE","Pipiens",21,4,5.25
2018,30,"BE","Tarsalis",312,4,78
2018,30,"FC","Pipiens",285,43,6.63
2018,30,"FC","Tarsalis",1337,43,31.09
2018,30,"LV","Pipiens",0,6,0
2018,30,"LV","Tarsalis",205,6,34.17
2018,30,"NE","Pipiens",186,10,18.6
2018,30,"NE","Tarsalis",590,10,59
2018,30,"NW","Pipiens",70,9,7.78
2018,30,"NW","Tarsalis",341,9,37.89
2018,30,"SE","Pipiens",29,15,1.93
2018,30,"SE","Tarsalis",302,15,20.13
2018,30,"SW","Pipiens",0,9,0
2018,30,"SW","Tarsalis",104,9,11.56
2018,31,"BE","Pipiens",22,4,5.5
2018,31,"BE","Tarsalis",313,4,78.25
2018,31,"FC","Pipiens",767,43,17.84
2018,31,"FC","Tarsalis",1310,43,30.47
2018,31,"LV","Pipiens",28,6,4.67
2018,31,"LV","Tarsalis",126,6,21
2018,31,"NE","Pipiens",392,10,39.2
2018,31,"NE","Tarsalis",275,10,27.5
2018,31,"NW","Pipiens",91,9,10.11
2018,31,"NW","Tarsalis",258,9,28.67
2018,31,"SE","Pipiens",245,15,16.33
2018,31,"SE","Tarsalis",545,15,36.33
2018,31,"SW","Pipiens",39,9,4.33
2018,31,"SW","Tarsalis",232,9,25.78
2018,32,"BE","Pipiens",28,4,7
2018,32,"BE","Tarsalis",130,4,32.5
2018,32,"FC","Pipiens",979,43,22.77
2018,32,"FC","Tarsalis",1017,43,23.65
2018,32,"LV","Pipiens",17,6,2.83
2018,32,"LV","Tarsalis",114,6,19
2018,32,"NE","Pipiens",394,10,39.4
2018,32,"NE","Tarsalis",248,10,24.8
2018,32,"NW","Pipiens",286,9,31.78
2018,32,"NW","Tarsalis",279,9,31
2018,32,"SE","Pipiens",244,15,16.27
2018,32,"SE","Tarsalis",375,15,25
2018,32,"SW","Pipiens",55,9,6.11
2018,32,"SW","Tarsalis",115,9,12.78
2018,33,"BE","Pipiens",7,4,1.75
2018,33,"BE","Tarsalis",86,4,21.5
2018,33,"FC","Pipiens",1056,43,24.56
2018,33,"FC","Tarsalis",1475,43,34.3
2018,33,"LV","Pipiens",21,6,3.5
2018,33,"LV","Tarsalis",200,6,33.33
2018,33,"NE","Pipiens",742,10,74.2
2018,33,"NE","Tarsalis",694,10,69.4
2018,33,"NW","Pipiens",121,9,13.44
2018,33,"NW","Tarsalis",193,9,21.44
2018,33,"SE","Pipiens",143,15,9.53
2018,33,"SE","Tarsalis",429,15,28.6
2018,33,"SW","Pipiens",50,9,5.56
2018,33,"SW","Tarsalis",159,9,17.67
2018,34,"BE","Pipiens",1,4,0.25
2018,34,"BE","Tarsalis",40,4,10
2018,34,"FC","Pipiens",526,43,12.23
2018,34,"FC","Tarsalis",448,43,10.42
2018,34,"LV","Pipiens",45,6,7.5
2018,34,"LV","Tarsalis",43,6,7.17
2018,34,"NE","Pipiens",240,10,24
2018,34,"NE","Tarsalis",133,10,13.3
2018,34,"NW","Pipiens",90,9,10
2018,34,"NW","Tarsalis",99,9,11
2018,34,"SE","Pipiens",178,15,11.87
2018,34,"SE","Tarsalis",167,15,11.13
2018,34,"SW","Pipiens",18,9,2
2018,34,"SW","Tarsalis",49,9,5.44
2018,35,"BE","Pipiens",15,4,3.75
2018,35,"BE","Tarsalis",19,4,4.75
2018,35,"FC","Pipiens",509,43,11.84
2018,35,"FC","Tarsalis",357,43,8.3
2018,35,"LV","Pipiens",23,6,3.83
2018,35,"LV","Tarsalis",86,6,14.33
2018,35,"NE","Pipiens",352,10,35.2
2018,35,"NE","Tarsalis",142,10,14.2
2018,35,"NW","Pipiens",69,9,7.67
2018,35,"NW","Tarsalis",46,9,5.11
2018,35,"SE","Pipiens",79,15,5.27
2018,35,"SE","Tarsalis",150,15,10
2018,35,"SW","Pipiens",9,9,1
2018,35,"SW","Tarsalis",19,9,2.11
2018,36,"FC","Pipiens",590,43,13.72
2018,36,"FC","Tarsalis",196,43,4.56
2018,36,"NE","Pipiens",438,10,43.8
2018,36,"NE","Tarsalis",98,10,9.8
2018,36,"NW","Pipiens",88,9,9.78
2018,36,"NW","Tarsalis",38,9,4.22
2018,36,"SE","Pipiens",51,15,3.4
2018,36,"SE","Tarsalis",50,15,3.33
2018,36,"SW","Pipiens",13,9,1.44
2018,36,"SW","Tarsalis",10,9,1.11
2018,37,"FC","Pipiens",235,43,5.47
2018,37,"FC","Tarsalis",47,43,1.09
2018,37,"NE","Pipiens",181,10,18.1
2018,37,"NE","Tarsalis",21,10,2.1
2018,37,"NW","Pipiens",33,9,3.67
2018,37,"NW","Tarsalis",21,9,2.33
2018,37,"SE","Pipiens",21,15,1.4
2018,37,"SE","Tarsalis",0,15,0
2018,37,"SW","Pipiens",0,9,0
2018,37,"SW","Tarsalis",5,9,0.56
2019,24,"BE","Pipiens",0,4,0
2019,24,"BE","Tarsalis",5,4,1.25
2019,24,"FC","Pipiens",5,34,0.15
2019,24,"FC","Tarsalis",39,34,1.15
2019,24,"LV","Pipiens",0,6,0
2019,24,"LV","Tarsalis",27,6,4.5
2019,24,"NE","Pipiens",0,10,0
2019,24,"NE","Tarsalis",16,10,1.6
2019,24,"SE","Pipiens",0,15,0
2019,24,"SE","Tarsalis",23,15,1.53
2019,24,"SW","Pipiens",5,9,0.56
2019,24,"SW","Tarsalis",0,9,0
2019,25,"BE","Pipiens",0,4,0
2019,25,"BE","Tarsalis",4,4,1
2019,25,"FC","Pipiens",1,43,0.02
2019,25,"FC","Tarsalis",24,43,0.56
2019,25,"LV","Pipiens",0,6,0
2019,25,"LV","Tarsalis",12,6,2
2019,25,"NE","Pipiens",0,10,0
2019,25,"NE","Tarsalis",6,10,0.6
2019,25,"NW","Pipiens",1,9,0.11
2019,25,"NW","Tarsalis",2,9,0.22
2019,25,"SE","Pipiens",0,15,0
2019,25,"SE","Tarsalis",10,15,0.67
2019,25,"SW","Pipiens",0,9,0
2019,25,"SW","Tarsalis",6,9,0.67
2019,26,"BE","Pipiens",1,4,0.25
2019,26,"BE","Tarsalis",13,4,3.25
2019,26,"FC","Pipiens",7,43,0.16
2019,26,"FC","Tarsalis",189,43,4.4
2019,26,"LV","Pipiens",0,6,0
2019,26,"LV","Tarsalis",15,6,2.5
2019,26,"NE","Pipiens",0,10,0
2019,26,"NE","Tarsalis",9,10,0.9
2019,26,"NW","Pipiens",2,9,0.22
2019,26,"NW","Tarsalis",9,9,1
2019,26,"SE","Pipiens",5,15,0.33
2019,26,"SE","Tarsalis",161,15,10.73
2019,26,"SW","Pipiens",0,9,0
2019,26,"SW","Tarsalis",10,9,1.11
2019,27,"BE","Pipiens",0,4,0
2019,27,"BE","Tarsalis",168,4,42
2019,27,"FC","Pipiens",7,43,0.16
2019,27,"FC","Tarsalis",685,43,15.93
2019,27,"LV","Pipiens",0,6,0
2019,27,"LV","Tarsalis",277,6,46.17
2019,27,"NE","Pipiens",4,10,0.4
2019,27,"NE","Tarsalis",272,10,27.2
2019,27,"NW","Pipiens",0,9,0
2019,27,"NW","Tarsalis",34,9,3.78
2019,27,"SE","Pipiens",2,15,0.13
2019,27,"SE","Tarsalis",349,15,23.27
2019,27,"SW","Pipiens",1,9,0.11
2019,27,"SW","Tarsalis",30,9,3.33
2019,28,"BE","Pipiens",0,5,0
2019,28,"BE","Tarsalis",364,5,72.8
2019,28,"FC","Pipiens",48,43,1.12
2019,28,"FC","Tarsalis",1833,43,42.63
2019,28,"LV","Pipiens",5,6,0.83
2019,28,"LV","Tarsalis",426,6,71
2019,28,"NE","Pipiens",16,10,1.6
2019,28,"NE","Tarsalis",396,10,39.6
2019,28,"NW","Pipiens",0,9,0
2019,28,"NW","Tarsalis",99,9,11
2019,28,"SE","Pipiens",26,15,1.73
2019,28,"SE","Tarsalis",1200,15,80
2019,28,"SW","Pipiens",6,9,0.67
2019,28,"SW","Tarsalis",138,9,15.33
2019,29,"BE","Pipiens",7,5,1.4
2019,29,"BE","Tarsalis",302,5,60.4
2019,29,"FC","Pipiens",91,43,2.12
2019,29,"FC","Tarsalis",1781,43,41.42
2019,29,"LV","Pipiens",3,6,0.5
2019,29,"LV","Tarsalis",316,6,52.67
2019,29,"NE","Pipiens",44,10,4.4
2019,29,"NE","Tarsalis",665,10,66.5
2019,29,"NW","Pipiens",18,9,2
2019,29,"NW","Tarsalis",98,9,10.89
2019,29,"SE","Pipiens",29,15,1.93
2019,29,"SE","Tarsalis",902,15,60.13
2019,29,"SW","Pipiens",0,9,0
2019,29,"SW","Tarsalis",116,9,12.89
2019,30,"BE","Pipiens",33,5,6.6
2019,30,"BE","Tarsalis",321,5,64.2
2019,30,"FC","Pipiens",144,43,3.35
2019,30,"FC","Tarsalis",1581,43,36.77
2019,30,"LV","Pipiens",5,6,0.83
2019,30,"LV","Tarsalis",519,6,86.5
2019,30,"NE","Pipiens",24,10,2.4
2019,30,"NE","Tarsalis",356,10,35.6
2019,30,"NW","Pipiens",40,9,4.44
2019,30,"NW","Tarsalis",165,9,18.33
2019,30,"SE","Pipiens",48,15,3.2
2019,30,"SE","Tarsalis",883,15,58.87
2019,30,"SW","Pipiens",32,9,3.56
2019,30,"SW","Tarsalis",177,9,19.67
2019,31,"BE","Pipiens",38,5,7.6
2019,31,"BE","Tarsalis",414,5,82.8
2019,31,"FC","Pipiens",345,43,8.02
2019,31,"FC","Tarsalis",3566,43,82.93
2019,31,"LV","Pipiens",8,6,1.33
2019,31,"LV","Tarsalis",743,6,123.83
2019,31,"NE","Pipiens",125,10,12.5
2019,31,"NE","Tarsalis",1304,10,130.4
2019,31,"NW","Pipiens",85,9,9.44
2019,31,"NW","Tarsalis",539,9,59.89
2019,31,"SE","Pipiens",119,15,7.93
2019,31,"SE","Tarsalis",1506,15,100.4
2019,31,"SW","Pipiens",16,9,1.78
2019,31,"SW","Tarsalis",217,9,24.11
2019,32,"BE","Pipiens",24,5,4.8
2019,32,"BE","Tarsalis",403,5,80.6
2019,32,"FC","Pipiens",282,43,6.56
2019,32,"FC","Tarsalis",2674,43,62.19
2019,32,"LV","Pipiens",7,8,0.88
2019,32,"LV","Tarsalis",552,8,69
2019,32,"NE","Pipiens",61,10,6.1
2019,32,"NE","Tarsalis",992,10,99.2
2019,32,"NW","Pipiens",52,9,5.78
2019,32,"NW","Tarsalis",331,9,36.78
2019,32,"SE","Pipiens",134,15,8.93
2019,32,"SE","Tarsalis",1101,15,73.4
2019,32,"SW","Pipiens",35,9,3.89
2019,32,"SW","Tarsalis",250,9,27.78
2019,33,"BE","Pipiens",25,5,5
2019,33,"BE","Tarsalis",252,5,50.4
2019,33,"FC","Pipiens",316,43,7.35
2019,33,"FC","Tarsalis",2836,43,65.95
2019,33,"LV","Pipiens",12,7,1.71
2019,33,"LV","Tarsalis",256,7,36.57
2019,33,"NE","Pipiens",110,10,11
2019,33,"NE","Tarsalis",624,10,62.4
2019,33,"NW","Pipiens",38,9,4.22
2019,33,"NW","Tarsalis",354,9,39.33
2019,33,"SE","Pipiens",145,15,9.67
2019,33,"SE","Tarsalis",1546,15,103.07
2019,33,"SW","Pipiens",23,9,2.56
2019,33,"SW","Tarsalis",312,9,34.67
2019,34,"BE","Pipiens",12,5,2.4
2019,34,"BE","Tarsalis",77,5,15.4
2019,34,"FC","Pipiens",307,43,7.14
2019,34,"FC","Tarsalis",1130,43,26.28
2019,34,"LV","Pipiens",45,6,7.5
2019,34,"LV","Tarsalis",249,6,41.5
2019,34,"NE","Pipiens",132,10,13.2
2019,34,"NE","Tarsalis",361,10,36.1
2019,34,"NW","Pipiens",53,9,5.89
2019,34,"NW","Tarsalis",210,9,23.33
2019,34,"SE","Pipiens",111,15,7.4
2019,34,"SE","Tarsalis",426,15,28.4
2019,34,"SW","Pipiens",11,9,1.22
2019,34,"SW","Tarsalis",133,9,14.78
2019,35,"BE","Pipiens",13,5,2.6
2019,35,"BE","Tarsalis",77,5,15.4
2019,35,"FC","Pipiens",348,43,8.09
2019,35,"FC","Tarsalis",1225,43,28.49
2019,35,"LV","Pipiens",16,6,2.67
2019,35,"LV","Tarsalis",94,6,15.67
2019,35,"NE","Pipiens",129,10,12.9
2019,35,"NE","Tarsalis",502,10,50.2
2019,35,"NW","Pipiens",39,9,4.33
2019,35,"NW","Tarsalis",136,9,15.11
2019,35,"SE","Pipiens",158,15,10.53
2019,35,"SE","Tarsalis",361,15,24.07
2019,35,"SW","Pipiens",22,9,2.44
2019,35,"SW","Tarsalis",226,9,25.11
2019,36,"FC","Pipiens",350,43,8.14
2019,36,"FC","Tarsalis",1038,43,24.14
2019,36,"NE","Pipiens",187,10,18.7
2019,36,"NE","Tarsalis",309,10,30.9
2019,36,"NW","Pipiens",55,9,6.11
2019,36,"NW","Tarsalis",225,9,25
2019,36,"SE","Pipiens",85,15,5.67
2019,36,"SE","Tarsalis",375,15,25
2019,36,"SW","Pipiens",23,9,2.56
2019,36,"SW","Tarsalis",129,9,14.33
2019,37,"FC","Pipiens",247,43,5.74
2019,37,"FC","Tarsalis",154,43,3.58
2019,37,"NE","Pipiens",74,10,7.4
2019,37,"NE","Tarsalis",13,10,1.3
2019,37,"NW","Pipiens",32,9,3.56
2019,37,"NW","Tarsalis",24,9,2.67
2019,37,"SE","Pipiens",128,15,8.53
2019,37,"SE","Tarsalis",104,15,6.93
2019,37,"SW","Pipiens",13,9,1.44
2019,37,"SW","Tarsalis",13,9,1.44
2020,24,"BE","Pipiens",1,5,0.2
2020,24,"BE","Tarsalis",2,5,0.4
2020,24,"FC","Pipiens",12,43,0.28
2020,24,"FC","Tarsalis",26,43,0.6
2020,24,"LV","Pipiens",0,6,0
2020,24,"LV","Tarsalis",12,6,2
2020,24,"NE","Pipiens",2,10,0.2
2020,24,"NE","Tarsalis",8,10,0.8
2020,24,"NW","Pipiens",8,9,0.89
2020,24,"NW","Tarsalis",6,9,0.67
2020,24,"SE","Pipiens",2,15,0.13
2020,24,"SE","Tarsalis",2,15,0.13
2020,24,"SW","Pipiens",0,9,0
2020,24,"SW","Tarsalis",10,9,1.11
2020,25,"BE","Pipiens",0,6,0
2020,25,"BE","Tarsalis",11,6,1.83
2020,25,"FC","Pipiens",26,43,0.6
2020,25,"FC","Tarsalis",181,43,4.21
2020,25,"LV","Pipiens",6,6,1
2020,25,"LV","Tarsalis",38,6,6.33
2020,25,"NE","Pipiens",10,10,1
2020,25,"NE","Tarsalis",35,10,3.5
2020,25,"NW","Pipiens",1,9,0.11
2020,25,"NW","Tarsalis",20,9,2.22
2020,25,"SE","Pipiens",7,15,0.47
2020,25,"SE","Tarsalis",105,15,7
2020,25,"SW","Pipiens",8,9,0.89
2020,25,"SW","Tarsalis",21,9,2.33
2020,26,"BE","Pipiens",3,5,0.6
2020,26,"BE","Tarsalis",7,5,1.4
2020,26,"FC","Pipiens",44,43,1.02
2020,26,"FC","Tarsalis",291,43,6.77
2020,26,"LV","Pipiens",3,6,0.5
2020,26,"LV","Tarsalis",90,6,15
2020,26,"NE","Pipiens",9,10,0.9
2020,26,"NE","Tarsalis",38,10,3.8
2020,26,"NW","Pipiens",8,9,0.89
2020,26,"NW","Tarsalis",10,9,1.11
2020,26,"SE","Pipiens",15,15,1
2020,26,"SE","Tarsalis",211,15,14.07
2020,26,"SW","Pipiens",12,9,1.33
2020,26,"SW","Tarsalis",32,9,3.56
2020,27,"BE","Pipiens",6,5,1.2
2020,27,"BE","Tarsalis",43,5,8.6
2020,27,"FC","Pipiens",92,43,2.14
2020,27,"FC","Tarsalis",514,43,11.95
2020,27,"LV","Pipiens",8,6,1.33
2020,27,"LV","Tarsalis",162,6,27
2020,27,"NE","Pipiens",11,10,1.1
2020,27,"NE","Tarsalis",89,10,8.9
2020,27,"NW","Pipiens",36,9,4
2020,27,"NW","Tarsalis",21,9,2.33
2020,27,"SE","Pipiens",25,15,1.67
2020,27,"SE","Tarsalis",322,15,21.47
2020,27,"SW","Pipiens",20,9,2.22
2020,27,"SW","Tarsalis",82,9,9.11
2020,28,"BE","Pipiens",1,5,0.2
2020,28,"BE","Tarsalis",26,5,5.2
2020,28,"FC","Pipiens",104,43,2.42
2020,28,"FC","Tarsalis",710,43,16.51
2020,28,"LV","Pipiens",13,6,2.17
2020,28,"LV","Tarsalis",404,6,67.33
2020,28,"NE","Pipiens",34,10,3.4
2020,28,"NE","Tarsalis",218,10,21.8
2020,28,"NW","Pipiens",27,9,3
2020,28,"NW","Tarsalis",88,9,9.78
2020,28,"SE","Pipiens",29,15,1.93
2020,28,"SE","Tarsalis",263,15,17.53
2020,28,"SW","Pipiens",14,9,1.56
2020,28,"SW","Tarsalis",141,9,15.67
2020,29,"BE","Pipiens",6,6,1
2020,29,"BE","Tarsalis",17,6,2.83
2020,29,"FC","Pipiens",121,43,2.81
2020,29,"FC","Tarsalis",666,43,15.49
2020,29,"LV","Pipiens",16,6,2.67
2020,29,"LV","Tarsalis",208,6,34.67
2020,29,"NE","Pipiens",35,10,3.5
2020,29,"NE","Tarsalis",307,10,30.7
2020,29,"NW","Pipiens",31,9,3.44
2020,29,"NW","Tarsalis",44,9,4.89
2020,29,"SE","Pipiens",34,15,2.27
2020,29,"SE","Tarsalis",236,15,15.73
2020,29,"SW","Pipiens",21,9,2.33
2020,29,"SW","Tarsalis",79,9,8.78
2020,30,"BE","Pipiens",7,6,1.17
2020,30,"BE","Tarsalis",25,6,4.17
2020,30,"FC","Pipiens",145,43,3.37
2020,30,"FC","Tarsalis",1314,43,30.56
2020,30,"LV","Pipiens",10,6,1.67
2020,30,"LV","Tarsalis",201,6,33.5
2020,30,"NE","Pipiens",26,10,2.6
2020,30,"NE","Tarsalis",316,10,31.6
2020,30,"NW","Pipiens",34,9,3.78
2020,30,"NW","Tarsalis",186,9,20.67
2020,30,"SE","Pipiens",51,15,3.4
2020,30,"SE","Tarsalis",614,15,40.93
2020,30,"SW","Pipiens",34,9,3.78
2020,30,"SW","Tarsalis",198,9,22
2020,31,"BE","Pipiens",1,6,0.17
2020,31,"BE","Tarsalis",42,6,7
2020,31,"FC","Pipiens",422,43,9.81
2020,31,"FC","Tarsalis",1187,43,27.6
2020,31,"LV","Pipiens",13,6,2.17
2020,31,"LV","Tarsalis",553,6,92.17
2020,31,"NE","Pipiens",85,10,8.5
2020,31,"NE","Tarsalis",235,10,23.5
2020,31,"NW","Pipiens",82,9,9.11
2020,31,"NW","Tarsalis",93,9,10.33
2020,31,"SE","Pipiens",225,15,15
2020,31,"SE","Tarsalis",713,15,47.53
2020,31,"SW","Pipiens",30,9,3.33
2020,31,"SW","Tarsalis",146,9,16.22
2020,32,"BE","Pipiens",15,5,3
2020,32,"BE","Tarsalis",42,5,8.4
2020,32,"FC","Pipiens",527,43,12.26
2020,32,"FC","Tarsalis",1161,43,27
2020,32,"LV","Pipiens",8,6,1.33
2020,32,"LV","Tarsalis",81,6,13.5
2020,32,"NE","Pipiens",181,10,18.1
2020,32,"NE","Tarsalis",379,10,37.9
2020,32,"NW","Pipiens",64,9,7.11
2020,32,"NW","Tarsalis",130,9,14.44
2020,32,"SE","Pipiens",216,15,14.4
2020,32,"SE","Tarsalis",514,15,34.27
2020,32,"SW","Pipiens",66,9,7.33
2020,32,"SW","Tarsalis",138,9,15.33
2020,33,"BE","Pipiens",2,5,0.4
2020,33,"BE","Tarsalis",51,5,10.2
2020,33,"FC","Pipiens",657,43,15.28
2020,33,"FC","Tarsalis",1108,43,25.77
2020,33,"LV","Pipiens",14,6,2.33
2020,33,"LV","Tarsalis",257,6,42.83
2020,33,"NE","Pipiens",114,10,11.4
2020,33,"NE","Tarsalis",532,10,53.2
2020,33,"NW","Pipiens",71,9,7.89
2020,33,"NW","Tarsalis",134,9,14.89
2020,33,"SE","Pipiens",402,15,26.8
2020,33,"SE","Tarsalis",336,15,22.4
2020,33,"SW","Pipiens",70,9,7.78
2020,33,"SW","Tarsalis",106,9,11.78
2020,34,"BE","Pipiens",6,5,1.2
2020,34,"BE","Tarsalis",52,5,10.4
2020,34,"FC","Pipiens",641,43,14.91
2020,34,"FC","Tarsalis",934,43,21.72
2020,34,"LV","Pipiens",3,6,0.5
2020,34,"LV","Tarsalis",175,6,29.17
2020,34,"NE","Pipiens",174,10,17.4
2020,34,"NE","Tarsalis",381,10,38.1
2020,34,"NW","Pipiens",85,9,9.44
2020,34,"NW","Tarsalis",123,9,13.67
2020,34,"SE","Pipiens",316,15,21.07
2020,34,"SE","Tarsalis",381,15,25.4
2020,34,"SW","Pipiens",66,9,7.33
2020,34,"SW","Tarsalis",49,9,5.44
2020,35,"BE","Pipiens",5,5,1
2020,35,"BE","Tarsalis",32,5,6.4
2020,35,"FC","Pipiens",606,43,14.09
2020,35,"FC","Tarsalis",433,43,10.07
2020,35,"LV","Pipiens",7,6,1.17
2020,35,"LV","Tarsalis",82,6,13.67
2020,35,"NE","Pipiens",246,10,24.6
2020,35,"NE","Tarsalis",177,10,17.7
2020,35,"NW","Pipiens",131,9,14.56
2020,35,"NW","Tarsalis",36,9,4
2020,35,"SE","Pipiens",209,15,13.93
2020,35,"SE","Tarsalis",212,15,14.13
2020,35,"SW","Pipiens",20,9,2.22
2020,35,"SW","Tarsalis",8,9,0.89
2020,36,"FC","Pipiens",86,43,2
2020,36,"FC","Tarsalis",68,43,1.58
2020,36,"LV","Pipiens",33,6,5.5
2020,36,"LV","Tarsalis",21,6,3.5
2020,36,"NE","Pipiens",4,10,0.4
2020,36,"NE","Tarsalis",8,10,0.8
2020,36,"NW","Pipiens",36,9,4
2020,36,"NW","Tarsalis",34,9,3.78
2020,36,"SE","Pipiens",31,15,2.07
2020,36,"SE","Tarsalis",20,15,1.33
2020,36,"SW","Pipiens",15,9,1.67
2020,36,"SW","Tarsalis",6,9,0.67
2021,23,"BE","Pipiens",1,5,0.2
2021,23,"BE","Tarsalis",76,5,15.2
2021,23,"LV","Pipiens",1,6,0.17
2021,23,"LV","Tarsalis",117,6,19.5
2021,24,"BC","Pipiens",0,4,0
2021,24,"BC","Tarsalis",81,4,20.25
2021,24,"BE","Pipiens",1,5,0.2
2021,24,"BE","Tarsalis",223,5,44.6
2021,24,"LV","Pipiens",0,6,0
2021,24,"LV","Tarsalis",255,6,42.5
2021,25,"BC","Pipiens",0,6,0
2021,25,"BC","Tarsalis",87,6,14.5
2021,25,"BE","Pipiens",3,5,0.6
2021,25,"BE","Tarsalis",188,5,37.6
2021,25,"FC","Pipiens",56,43,1.3
2021,25,"FC","Tarsalis",707,43,16.44
2021,25,"LV","Pipiens",12,6,2
2021,25,"LV","Tarsalis",522,6,87
2021,25,"NE","Pipiens",12,10,1.2
2021,25,"NE","Tarsalis",105,10,10.5
2021,25,"NW","Pipiens",12,9,1.33
2021,25,"NW","Tarsalis",47,9,5.22
2021,25,"SE","Pipiens",31,15,2.07
2021,25,"SE","Tarsalis",502,15,33.47
2021,25,"SW","Pipiens",1,9,0.11
2021,25,"SW","Tarsalis",53,9,5.89
2021,26,"BC","Pipiens",0,5,0
2021,26,"BC","Tarsalis",26,5,5.2
2021,26,"BE","Pipiens",12,5,2.4
2021,26,"BE","Tarsalis",182,5,36.4
2021,26,"FC","Pipiens",206,43,4.79
2021,26,"FC","Tarsalis",1039,43,24.16
2021,26,"LV","Pipiens",49,6,8.17
2021,26,"LV","Tarsalis",1064,6,177.33
2021,26,"NE","Pipiens",49,10,4.9
2021,26,"NE","Tarsalis",417,10,41.7
2021,26,"NW","Pipiens",81,9,9
2021,26,"NW","Tarsalis",197,9,21.89
2021,26,"SE","Pipiens",62,15,4.13
2021,26,"SE","Tarsalis",315,15,21
2021,26,"SW","Pipiens",14,9,1.56
2021,26,"SW","Tarsalis",110,9,12.22
2021,27,"BC","Pipiens",0,5,0
2021,27,"BC","Tarsalis",155,5,31
2021,27,"BE","Pipiens",46,5,9.2
2021,27,"BE","Tarsalis",618,5,123.6
2021,27,"FC","Pipiens",310,43,7.21
2021,27,"FC","Tarsalis",2555,43,59.42
2021,27,"LV","Pipiens",29,6,4.83
2021,27,"LV","Tarsalis",2269,6,378.17
2021,27,"NE","Pipiens",95,10,9.5
2021,27,"NE","Tarsalis",1026,10,102.6
2021,27,"NW","Pipiens",132,9,14.67
2021,27,"NW","Tarsalis",549,9,61
2021,27,"SE","Pipiens",43,15,2.87
2021,27,"SE","Tarsalis",737,15,49.13
2021,27,"SW","Pipiens",40,9,4.44
2021,27,"SW","Tarsalis",243,9,27
2021,28,"BC","Pipiens",0,5,0
2021,28,"BC","Tarsalis",127,5,25.4
2021,28,"BE","Pipiens",79,5,15.8
2021,28,"BE","Tarsalis",650,5,130
2021,28,"FC","Pipiens",358,43,8.33
2021,28,"FC","Tarsalis",4310,43,100.23
2021,28,"LV","Pipiens",67,6,11.17
2021,28,"LV","Tarsalis",2789,6,464.83
2021,28,"NE","Pipiens",99,10,9.9
2021,28,"NE","Tarsalis",1218,10,121.8
2021,28,"NW","Pipiens",38,9,4.22
2021,28,"NW","Tarsalis",376,9,41.78
2021,28,"SE","Pipiens",197,15,13.13
2021,28,"SE","Tarsalis",2434,15,162.27
2021,28,"SW","Pipiens",24,9,2.67
2021,28,"SW","Tarsalis",282,9,31.33
2021,29,"BC","Pipiens",0,5,0
2021,29,"BC","Tarsalis",176,5,35.2
2021,29,"BE","Pipiens",22,5,4.4
2021,29,"BE","Tarsalis",492,5,98.4
2021,29,"FC","Pipiens",690,43,16.05
2021,29,"FC","Tarsalis",3805,43,88.49
2021,29,"LV","Pipiens",69,6,11.5
2021,29,"LV","Tarsalis",1162,6,193.67
2021,29,"NE","Pipiens",323,10,32.3
2021,29,"NE","Tarsalis",1145,10,114.5
2021,29,"NW","Pipiens",46,9,5.11
2021,29,"NW","Tarsalis",622,9,69.11
2021,29,"SE","Pipiens",303,15,20.2
2021,29,"SE","Tarsalis",1938,15,129.2
2021,29,"SW","Pipiens",18,9,2
2021,29,"SW","Tarsalis",100,9,11.11
2021,30,"BC","Pipiens",0,5,0
2021,30,"BC","Tarsalis",254,5,50.8
2021,30,"BE","Pipiens",107,5,21.4
2021,30,"BE","Tarsalis",993,5,198.6
2021,30,"FC","Pipiens",967,43,22.49
2021,30,"FC","Tarsalis",5075,43,118.02
2021,30,"LV","Pipiens",27,6,4.5
2021,30,"LV","Tarsalis",849,6,141.5
2021,30,"NE","Pipiens",341,10,34.1
2021,30,"NE","Tarsalis",1191,10,119.1
2021,30,"NW","Pipiens",119,9,13.22
2021,30,"NW","Tarsalis",609,9,67.67
2021,30,"SE","Pipiens",447,15,29.8
2021,30,"SE","Tarsalis",2712,15,180.8
2021,30,"SW","Pipiens",60,9,6.67
2021,30,"SW","Tarsalis",563,9,62.56
2021,31,"BC","Pipiens",0,5,0
2021,31,"BC","Tarsalis",237,5,47.4
2021,31,"BE","Pipiens",60,5,12
2021,31,"BE","Tarsalis",160,5,32
2021,31,"FC","Pipiens",1185,43,27.56
2021,31,"FC","Tarsalis",2217,43,51.56
2021,31,"LV","Pipiens",78,6,13
2021,31,"LV","Tarsalis",576,6,96
2021,31,"NE","Pipiens",833,10,83.3
2021,31,"NE","Tarsalis",993,10,99.3
2021,31,"NW","Pipiens",60,9,6.67
2021,31,"NW","Tarsalis",100,9,11.11
2021,31,"SE","Pipiens",240,15,16
2021,31,"SE","Tarsalis",1011,15,67.4
2021,31,"SW","Pipiens",52,9,5.78
2021,31,"SW","Tarsalis",113,9,12.56
2021,32,"BC","Pipiens",0,5,0
2021,32,"BC","Tarsalis",132,5,26.4
2021,32,"BE","Pipiens",78,5,15.6
2021,32,"BE","Tarsalis",140,5,28
2021,32,"FC","Pipiens",1366,43,31.77
2021,32,"FC","Tarsalis",1063,43,24.72
2021,32,"LV","Pipiens",53,6,8.83
2021,32,"LV","Tarsalis",411,6,68.5
2021,32,"NE","Pipiens",911,10,91.1
2021,32,"NE","Tarsalis",447,10,44.7
2021,32,"NW","Pipiens",102,9,11.33
2021,32,"NW","Tarsalis",95,9,10.56
2021,32,"SE","Pipiens",294,15,19.6
2021,32,"SE","Tarsalis",447,15,29.8
2021,32,"SW","Pipiens",59,9,6.56
2021,32,"SW","Tarsalis",74,9,8.22
2021,33,"BC","Pipiens",0,5,0
2021,33,"BC","Tarsalis",103,5,20.6
2021,33,"BE","Pipiens",29,5,5.8
2021,33,"BE","Tarsalis",132,5,26.4
2021,33,"FC","Pipiens",272,43,6.33
2021,33,"FC","Tarsalis",525,43,12.21
2021,33,"LV","Pipiens",112,6,18.67
2021,33,"LV","Tarsalis",291,6,48.5
2021,33,"NE","Pipiens",130,10,13
2021,33,"NE","Tarsalis",257,10,25.7
2021,33,"NW","Pipiens",44,9,4.89
2021,33,"NW","Tarsalis",129,9,14.33
2021,33,"SE","Pipiens",68,15,4.53
2021,33,"SE","Tarsalis",95,15,6.33
2021,33,"SW","Pipiens",30,9,3.33
2021,33,"SW","Tarsalis",44,9,4.89
2021,34,"BC","Pipiens",0,5,0
2021,34,"BC","Tarsalis",73,5,14.6
2021,34,"BE","Pipiens",28,5,5.6
2021,34,"BE","Tarsalis",112,5,22.4
2021,34,"FC","Pipiens",849,43,19.74
2021,34,"FC","Tarsalis",201,43,4.67
2021,34,"LV","Pipiens",72,6,12
2021,34,"LV","Tarsalis",147,6,24.5
2021,34,"NE","Pipiens",680,10,68
2021,34,"NE","Tarsalis",81,10,8.1
2021,34,"NW","Pipiens",24,9,2.67
2021,34,"NW","Tarsalis",36,9,4
2021,34,"SE","Pipiens",126,15,8.4
2021,34,"SE","Tarsalis",67,15,4.47
2021,34,"SW","Pipiens",19,9,2.11
2021,34,"SW","Tarsalis",17,9,1.89
2021,35,"BC","Pipiens",0,5,0
2021,35,"BC","Tarsalis",28,5,5.6
2021,35,"BE","Pipiens",34,5,6.8
2021,35,"BE","Tarsalis",44,5,8.8
2021,35,"FC","Pipiens",673,43,15.65
2021,35,"FC","Tarsalis",186,43,4.33
2021,35,"LV","Pipiens",44,6,7.33
2021,35,"LV","Tarsalis",75,6,12.5
2021,35,"NE","Pipiens",358,10,35.8
2021,35,"NE","Tarsalis",30,10,3
2021,35,"NW","Pipiens",22,9,2.44
2021,35,"NW","Tarsalis",25,9,2.78
2021,35,"SE","Pipiens",267,15,17.8
2021,35,"SE","Tarsalis",116,15,7.73
2021,35,"SW","Pipiens",26,9,2.89
2021,35,"SW","Tarsalis",15,9,1.67
2021,36,"BC","Pipiens",0,5,0
2021,36,"BC","Tarsalis",26,5,5.2
2021,36,"FC","Pipiens",1038,43,24.14
2021,36,"FC","Tarsalis",36,43,0.84
2021,36,"LV","Pipiens",1,6,0.17
2021,36,"LV","Tarsalis",8,6,1.33
2021,36,"NE","Pipiens",665,10,66.5
2021,36,"NE","Tarsalis",14,10,1.4
2021,36,"NW","Pipiens",15,9,1.67
2021,36,"NW","Tarsalis",5,9,0.56
2021,36,"SE","Pipiens",340,15,22.67
2021,36,"SE","Tarsalis",10,15,0.67
2021,36,"SW","Pipiens",18,9,2
2021,36,"SW","Tarsalis",7,9,0.78
2022,23,"BE","Pipiens",0,5,0
2022,23,"BE","Tarsalis",42,5,8.4
2022,23,"FC","Pipiens",8,43,0.19
2022,23,"FC","Tarsalis",175,43,4.07
2022,23,"LV","Pipiens",2,6,0.33
2022,23,"LV","Tarsalis",51,6,8.5
2022,23,"NE","Pipiens",0,10,0
2022,23,"NE","Tarsalis",59,10,5.9
2022,23,"NW","Pipiens",2,9,0.22
2022,23,"NW","Tarsalis",14,9,1.56
2022,23,"SE","Pipiens",4,15,0.27
2022,23,"SE","Tarsalis",83,15,5.53
2022,23,"SW","Pipiens",2,9,0.22
2022,23,"SW","Tarsalis",19,9,2.11
2022,24,"BC","Pipiens",0,5,0
2022,24,"BC","Tarsalis",73,5,14.6
2022,24,"BE","Pipiens",3,5,0.6
2022,24,"BE","Tarsalis",57,5,11.4
2022,24,"FC","Pipiens",29,43,0.67
2022,24,"FC","Tarsalis",301,43,7
2022,24,"LV","Pipiens",3,6,0.5
2022,24,"LV","Tarsalis",118,6,19.67
2022,24,"NE","Pipiens",7,10,0.7
2022,24,"NE","Tarsalis",127,10,12.7
2022,24,"NW","Pipiens",13,9,1.44
2022,24,"NW","Tarsalis",69,9,7.67
2022,24,"SE","Pipiens",4,15,0.27
2022,24,"SE","Tarsalis",81,15,5.4
2022,24,"SW","Pipiens",5,9,0.56
2022,24,"SW","Tarsalis",24,9,2.67
2022,25,"BC","Pipiens",0,5,0
2022,25,"BC","Tarsalis",73,5,14.6
2022,25,"BE","Pipiens",1,5,0.2
2022,25,"BE","Tarsalis",33,5,6.6
2022,25,"FC","Pipiens",56,43,1.3
2022,25,"FC","Tarsalis",347,43,8.07
2022,25,"LV","Pipiens",0,6,0
2022,25,"LV","Tarsalis",82,6,13.67
2022,25,"NE","Pipiens",39,10,3.9
2022,25,"NE","Tarsalis",171,10,17.1
2022,25,"NW","Pipiens",7,9,0.78
2022,25,"NW","Tarsalis",18,9,2
2022,25,"SE","Pipiens",8,15,0.53
2022,25,"SE","Tarsalis",138,15,9.2
2022,25,"SW","Pipiens",2,9,0.22
2022,25,"SW","Tarsalis",20,9,2.22
2022,26,"BC","Pipiens",0,5,0
2022,26,"BC","Tarsalis",82,5,16.4
2022,26,"BE","Pipiens",11,5,2.2
2022,26,"BE","Tarsalis",238,5,47.6
2022,26,"FC","Pipiens",114,43,2.65
2022,26,"FC","Tarsalis",502,43,11.67
2022,26,"LV","Pipiens",26,6,4.33
2022,26,"LV","Tarsalis",305,6,50.83
2022,26,"NE","Pipiens",32,10,3.2
2022,26,"NE","Tarsalis",85,10,8.5
2022,26,"NW","Pipiens",31,9,3.44
2022,26,"NW","Tarsalis",34,9,3.78
2022,26,"SE","Pipiens",50,15,3.33
2022,26,"SE","Tarsalis",371,15,24.73
2022,26,"SW","Pipiens",1,9,0.11
2022,26,"SW","Tarsalis",12,9,1.33
2022,27,"BC","Pipiens",0,5,0
2022,27,"BC","Tarsalis",189,5,37.8
2022,27,"BE","Pipiens",4,5,0.8
2022,27,"BE","Tarsalis",176,5,35.2
2022,27,"FC","Pipiens",264,43,6.14
2022,27,"FC","Tarsalis",1945,43,45.23
2022,27,"LV","Pipiens",7,6,1.17
2022,27,"LV","Tarsalis",451,6,75.17
2022,27,"NE","Pipiens",195,10,19.5
2022,27,"NE","Tarsalis",357,10,35.7
2022,27,"NW","Pipiens",27,9,3
2022,27,"NW","Tarsalis",72,9,8
2022,27,"SE","Pipiens",36,15,2.4
2022,27,"SE","Tarsalis",1405,15,93.67
2022,27,"SW","Pipiens",6,9,0.67
2022,27,"SW","Tarsalis",111,9,12.33
2022,28,"BC","Pipiens",0,5,0
2022,28,"BC","Tarsalis",175,5,35
2022,28,"BE","Pipiens",5,5,1
2022,28,"BE","Tarsalis",141,5,28.2
2022,28,"FC","Pipiens",386,43,8.98
2022,28,"FC","Tarsalis",3823,43,88.91
2022,28,"LV","Pipiens",20,6,3.33
2022,28,"LV","Tarsalis",809,6,134.83
2022,28,"NE","Pipiens",297,10,29.7
2022,28,"NE","Tarsalis",1398,10,139.8
2022,28,"NW","Pipiens",21,9,2.33
2022,28,"NW","Tarsalis",445,9,49.44
2022,28,"SE","Pipiens",59,15,3.93
2022,28,"SE","Tarsalis",1533,15,102.2
2022,28,"SW","Pipiens",9,9,1
2022,28,"SW","Tarsalis",447,9,49.67
2022,29,"BC","Pipiens",0,5,0
2022,29,"BC","Tarsalis",169,5,33.8
2022,29,"BE","Pipiens",12,5,2.4
2022,29,"BE","Tarsalis",467,5,93.4
2022,29,"FC","Pipiens",543,43,12.63
2022,29,"FC","Tarsalis",3800,43,88.37
2022,29,"LV","Pipiens",48,6,8
2022,29,"LV","Tarsalis",866,6,144.33
2022,29,"NE","Pipiens",389,10,38.9
2022,29,"NE","Tarsalis",1364,10,136.4
2022,29,"NW","Pipiens",50,9,5.56
2022,29,"NW","Tarsalis",427,9,47.44
2022,29,"SE","Pipiens",69,15,4.6
2022,29,"SE","Tarsalis",1578,15,105.2
2022,29,"SW","Pipiens",35,9,3.89
2022,29,"SW","Tarsalis",431,9,47.89
2022,30,"BC","Pipiens",0,5,0
2022,30,"BC","Tarsalis",145,5,29
2022,30,"BE","Pipiens",12,5,2.4
2022,30,"BE","Tarsalis",147,5,29.4
2022,30,"FC","Pipiens",941,43,21.88
2022,30,"FC","Tarsalis",1564,43,36.37
2022,30,"LV","Pipiens",209,6,34.83
2022,30,"LV","Tarsalis",737,6,122.83
2022,30,"NE","Pipiens",676,10,67.6
2022,30,"NE","Tarsalis",479,10,47.9
2022,30,"NW","Pipiens",61,9,6.78
2022,30,"NW","Tarsalis",204,9,22.67
2022,30,"SE","Pipiens",184,15,12.27
2022,30,"SE","Tarsalis",698,15,46.53
2022,30,"SW","Pipiens",20,9,2.22
2022,30,"SW","Tarsalis",183,9,20.33
2022,31,"BC","Pipiens",0,5,0
2022,31,"BC","Tarsalis",136,5,27.2
2022,31,"BE","Pipiens",26,5,5.2
2022,31,"BE","Tarsalis",293,5,58.6
2022,31,"FC","Pipiens",839,43,19.51
2022,31,"FC","Tarsalis",1669,43,38.81
2022,31,"LV","Pipiens",111,6,18.5
2022,31,"LV","Tarsalis",781,6,130.17
2022,31,"NE","Pipiens",451,10,45.1
2022,31,"NE","Tarsalis",633,10,63.3
2022,31,"NW","Pipiens",63,9,7
2022,31,"NW","Tarsalis",284,9,31.56
2022,31,"SE","Pipiens",268,15,17.87
2022,31,"SE","Tarsalis",550,15,36.67
2022,31,"SW","Pipiens",57,9,6.33
2022,31,"SW","Tarsalis",202,9,22.44
2022,32,"BC","Pipiens",0,5,0
2022,32,"BC","Tarsalis",91,5,18.2
2022,32,"BE","Pipiens",55,5,11
2022,32,"BE","Tarsalis",486,5,97.2
2022,32,"FC","Pipiens",1790,43,41.63
2022,32,"FC","Tarsalis",1930,43,44.88
2022,32,"LV","Pipiens",127,6,21.17
2022,32,"LV","Tarsalis",417,6,69.5
2022,32,"NE","Pipiens",1324,10,132.4
2022,32,"NE","Tarsalis",405,10,40.5
2022,32,"NW","Pipiens",55,9,6.11
2022,32,"NW","Tarsalis",233,9,25.89
2022,32,"SE","Pipiens",300,15,20
2022,32,"SE","Tarsalis",688,15,45.87
2022,32,"SW","Pipiens",111,9,12.33
2022,32,"SW","Tarsalis",604,9,67.11
2022,33,"BC","Pipiens",0,5,0
2022,33,"BC","Tarsalis",38,5,7.6
2022,33,"BE","Pipiens",39,5,7.8
2022,33,"BE","Tarsalis",110,5,22
2022,33,"FC","Pipiens",1791,43,41.65
2022,33,"FC","Tarsalis",1918,43,44.6
2022,33,"LV","Pipiens",106,6,17.67
2022,33,"LV","Tarsalis",137,6,22.83
2022,33,"NE","Pipiens",955,10,95.5
2022,33,"NE","Tarsalis",787,10,78.7
2022,33,"NW","Pipiens",100,9,11.11
2022,33,"NW","Tarsalis",156,9,17.33
2022,33,"SE","Pipiens",636,15,42.4
2022,33,"SE","Tarsalis",734,15,48.93
2022,33,"SW","Pipiens",100,9,11.11
2022,33,"SW","Tarsalis",241,9,26.78
2022,34,"BC","Pipiens",0,5,0
2022,34,"BC","Tarsalis",36,5,7.2
2022,34,"BE","Pipiens",43,5,8.6
2022,34,"BE","Tarsalis",145,5,29
2022,34,"FC","Pipiens",2168,43,50.42
2022,34,"FC","Tarsalis",1876,43,43.63
2022,34,"LV","Pipiens",227,6,37.83
2022,34,"LV","Tarsalis",429,6,71.5
2022,34,"NE","Pipiens",1480,10,148
2022,34,"NE","Tarsalis",732,10,73.2
2022,34,"NW","Pipiens",140,9,15.56
2022,34,"NW","Tarsalis",420,9,46.67
2022,34,"SE","Pipiens",407,15,27.13
2022,34,"SE","Tarsalis",463,15,30.87
2022,34,"SW","Pipiens",141,9,15.67
2022,34,"SW","Tarsalis",261,9,29
2022,35,"BC","Pipiens",23,4,5.75
2022,35,"BC","Tarsalis",10,4,2.5
2022,35,"BE","Pipiens",51,5,10.2
2022,35,"BE","Tarsalis",113,5,22.6
2022,35,"FC","Pipiens",899,43,20.91
2022,35,"FC","Tarsalis",569,43,13.23
2022,35,"LV","Pipiens",80,6,13.33
2022,35,"LV","Tarsalis",188,6,31.33
2022,35,"NE","Pipiens",302,10,30.2
2022,35,"NE","Tarsalis",110,10,11
2022,35,"NW","Pipiens",65,9,7.22
2022,35,"NW","Tarsalis",96,9,10.67
2022,35,"SE","Pipiens",460,15,30.67
2022,35,"SE","Tarsalis",264,15,17.6
2022,35,"SW","Pipiens",72,9,8
2022,35,"SW","Tarsalis",99,9,11
2022,36,"BC","Pipiens",7,4,1.75
2022,36,"BC","Tarsalis",13,4,3.25
2022,36,"FC","Pipiens",839,43,19.51
2022,36,"FC","Tarsalis",226,43,5.26
2022,36,"LV","Pipiens",96,6,16
2022,36,"LV","Tarsalis",76,6,12.67
2022,36,"NE","Pipiens",482,10,48.2
2022,36,"NE","Tarsalis",121,10,12.1
2022,36,"NW","Pipiens",31,9,3.44
2022,36,"NW","Tarsalis",25,9,2.78
2022,36,"SE","Pipiens",314,15,20.93
2022,36,"SE","Tarsalis",60,15,4
2022,36,"SW","Pipiens",12,9,1.33
2022,36,"SW","Tarsalis",20,9,2.22
2022,37,"BC","Pipiens",10,4,2.5
2022,37,"BC","Tarsalis",14,4,3.5
2022,37,"FC","Pipiens",1608,43,37.4
2022,37,"FC","Tarsalis",140,43,3.26
2022,37,"NE","Pipiens",1157,10,115.7
2022,37,"NE","Tarsalis",49,10,4.9
2022,37,"NW","Pipiens",31,9,3.44
2022,37,"NW","Tarsalis",11,9,1.22
2022,37,"SE","Pipiens",395,15,26.33
2022,37,"SE","Tarsalis",39,15,2.6
2022,37,"SW","Pipiens",25,9,2.78
2022,37,"SW","Tarsalis",41,9,4.56
2023,23,"BE","Pipiens",0,5,0
2023,23,"BE","Tarsalis",64,5,12.8
2023,23,"FC","Pipiens",46,43,1.07
2023,23,"FC","Tarsalis",168,43,3.91
2023,23,"LV","Pipiens",5,6,0.83
2023,23,"LV","Tarsalis",152,6,25.33
2023,23,"NE","Pipiens",3,10,0.3
2023,23,"NE","Tarsalis",7,10,0.7
2023,23,"NW","Pipiens",15,9,1.67
2023,23,"NW","Tarsalis",37,9,4.11
2023,23,"SE","Pipiens",12,15,0.8
2023,23,"SE","Tarsalis",73,15,4.87
2023,23,"SW","Pipiens",16,9,1.78
2023,23,"SW","Tarsalis",51,9,5.67
2023,24,"BE","Pipiens",4,5,0.8
2023,24,"BE","Tarsalis",54,5,10.8
2023,24,"FC","Pipiens",58,43,1.35
2023,24,"FC","Tarsalis",202,43,4.7
2023,24,"LV","Pipiens",7,6,1.17
2023,24,"LV","Tarsalis",185,6,30.83
2023,24,"NE","Pipiens",7,10,0.7
2023,24,"NE","Tarsalis",20,10,2
2023,24,"NW","Pipiens",18,9,2
2023,24,"NW","Tarsalis",20,9,2.22
2023,24,"SE","Pipiens",22,15,1.47
2023,24,"SE","Tarsalis",113,15,7.53
2023,24,"SW","Pipiens",11,9,1.22
2023,24,"SW","Tarsalis",49,9,5.44
2023,25,"BC","Pipiens",0,5,0
2023,25,"BC","Tarsalis",120,5,24
2023,25,"BE","Pipiens",7,5,1.4
2023,25,"BE","Tarsalis",483,5,96.6
2023,25,"FC","Pipiens",99,43,2.3
2023,25,"FC","Tarsalis",711,43,16.53
2023,25,"LV","Pipiens",10,6,1.67
2023,25,"LV","Tarsalis",561,6,93.5
2023,25,"NE","Pipiens",21,10,2.1
2023,25,"NE","Tarsalis",126,10,12.6
2023,25,"NW","Pipiens",45,9,5
2023,25,"NW","Tarsalis",123,9,13.67
2023,25,"SE","Pipiens",19,15,1.27
2023,25,"SE","Tarsalis",419,15,27.93
2023,25,"SW","Pipiens",14,9,1.56
2023,25,"SW","Tarsalis",43,9,4.78
2023,26,"BC","Pipiens",0,5,0
2023,26,"BC","Tarsalis",225,5,45
2023,26,"BE","Pipiens",5,5,1
2023,26,"BE","Tarsalis",617,5,123.4
2023,26,"FC","Pipiens",254,43,5.91
2023,26,"FC","Tarsalis",6383,43,148.44
2023,26,"LV","Pipiens",21,6,3.5
2023,26,"LV","Tarsalis",1759,6,293.17
2023,26,"NE","Pipiens",100,10,10
2023,26,"NE","Tarsalis",1185,10,118.5
2023,26,"NW","Pipiens",28,9,3.11
2023,26,"NW","Tarsalis",1147,9,127.44
2023,26,"SE","Pipiens",80,15,5.33
2023,26,"SE","Tarsalis",3263,15,217.53
2023,26,"SW","Pipiens",46,9,5.11
2023,26,"SW","Tarsalis",788,9,87.56
2023,27,"BC","Pipiens",0,5,0
2023,27,"BC","Tarsalis",343,5,68.6
2023,27,"BE","Pipiens",6,5,1.2
2023,27,"BE","Tarsalis",700,5,140
2023,27,"FC","Pipiens",301,43,7
2023,27,"FC","Tarsalis",7651,43,177.93
2023,27,"LV","Pipiens",101,6,16.83
2023,27,"LV","Tarsalis",3233,6,538.83
2023,27,"NE","Pipiens",109,10,10.9
2023,27,"NE","Tarsalis",1934,10,193.4
2023,27,"NW","Pipiens",72,9,8
2023,27,"NW","Tarsalis",197,9,21.89
2023,27,"SE","Pipiens",100,15,6.67
2023,27,"SE","Tarsalis",5319,15,354.6
2023,27,"SW","Pipiens",20,9,2.22
2023,27,"SW","Tarsalis",201,9,22.33
2023,28,"BC","Pipiens",0,6,0
2023,28,"BC","Tarsalis",294,6,49
2023,28,"BE","Pipiens",55,5,11
2023,28,"BE","Tarsalis",703,5,140.6
2023,28,"FC","Pipiens",694,43,16.14
2023,28,"FC","Tarsalis",11087,43,257.84
2023,28,"LV","Pipiens",43,6,7.17
2023,28,"LV","Tarsalis",807,6,134.5
2023,28,"NE","Pipiens",222,10,22.2
2023,28,"NE","Tarsalis",1061,10,106.1
2023,28,"NW","Pipiens",123,9,13.67
2023,28,"NW","Tarsalis",1567,9,174.11
2023,28,"SE","Pipiens",298,15,19.87
2023,28,"SE","Tarsalis",6287,15,419.13
2023,28,"SW","Pipiens",51,9,5.67
2023,28,"SW","Tarsalis",2172,9,241.33
2023,29,"BC","Pipiens",49,5,9.8
2023,29,"BC","Tarsalis",245,5,49
2023,29,"BE","Pipiens",31,5,6.2
2023,29,"BE","Tarsalis",722,5,144.4
2023,29,"FC","Pipiens",694,43,16.14
2023,29,"FC","Tarsalis",15578,43,362.28
2023,29,"LV","Pipiens",20,6,3.33
2023,29,"LV","Tarsalis",900,6,150
2023,29,"NE","Pipiens",265,10,26.5
2023,29,"NE","Tarsalis",4469,10,446.9
2023,29,"NW","Pipiens",158,9,17.56
2023,29,"NW","Tarsalis",2276,9,252.89
2023,29,"SE","Pipiens",134,15,8.93
2023,29,"SE","Tarsalis",6774,15,451.6
2023,29,"SW","Pipiens",137,9,15.22
2023,29,"SW","Tarsalis",2059,9,228.78
2023,30,"BC","Pipiens",0,6,0
2023,30,"BC","Tarsalis",294,6,49
2023,30,"BE","Pipiens",24,5,4.8
2023,30,"BE","Tarsalis",416,5,83.2
2023,30,"FC","Pipiens",678,43,15.77
2023,30,"FC","Tarsalis",5597,43,130.16
2023,30,"LV","Pipiens",18,6,3
2023,30,"LV","Tarsalis",690,6,115
2023,30,"NE","Pipiens",504,10,50.4
2023,30,"NE","Tarsalis",2769,10,276.9
2023,30,"NW","Pipiens",62,9,6.89
2023,30,"NW","Tarsalis",685,9,76.11
2023,30,"SE","Pipiens",80,15,5.33
2023,30,"SE","Tarsalis",1264,15,84.27
2023,30,"SW","Pipiens",32,9,3.56
2023,30,"SW","Tarsalis",879,9,97.67
2023,31,"BC","Pipiens",0,6,0
2023,31,"BC","Tarsalis",282,6,47
2023,31,"BE","Pipiens",49,5,9.8
2023,31,"BE","Tarsalis",210,5,42
2023,31,"FC","Pipiens",332,43,7.72
2023,31,"FC","Tarsalis",2629,43,61.14
2023,31,"LV","Pipiens",25,6,4.17
2023,31,"LV","Tarsalis",585,6,97.5
2023,31,"NE","Pipiens",91,10,9.1
2023,31,"NE","Tarsalis",179,10,17.9
2023,31,"NW","Pipiens",31,9,3.44
2023,31,"NW","Tarsalis",233,9,25.89
2023,31,"SE","Pipiens",176,15,11.73
2023,31,"SE","Tarsalis",2032,15,135.47
2023,31,"SW","Pipiens",34,9,3.78
2023,31,"SW","Tarsalis",185,9,20.56
2023,32,"BC","Pipiens",0,5,0
2023,32,"BC","Tarsalis",237,5,47.4
2023,32,"BE","Pipiens",50,5,10
2023,32,"BE","Tarsalis",540,5,108
2023,32,"FC","Pipiens",331,43,7.7
2023,32,"FC","Tarsalis",1002,43,23.3
2023,32,"LV","Pipiens",146,6,24.33
2023,32,"LV","Tarsalis",481,6,80.17
2023,32,"NE","Pipiens",157,10,15.7
2023,32,"NE","Tarsalis",210,10,21
2023,32,"NW","Pipiens",55,9,6.11
2023,32,"NW","Tarsalis",163,9,18.11
2023,32,"SE","Pipiens",91,15,6.07
2023,32,"SE","Tarsalis",470,15,31.33
2023,32,"SW","Pipiens",28,9,3.11
2023,32,"SW","Tarsalis",159,9,17.67
2023,33,"BC","Pipiens",0,5,0
2023,33,"BC","Tarsalis",181,5,36.2
2023,33,"BE","Pipiens",80,5,16
2023,33,"BE","Tarsalis",257,5,51.4
2023,33,"FC","Pipiens",390,43,9.07
2023,33,"FC","Tarsalis",745,43,17.33
2023,33,"LV","Pipiens",116,6,19.33
2023,33,"LV","Tarsalis",500,6,83.33
2023,33,"NE","Pipiens",199,10,19.9
2023,33,"NE","Tarsalis",205,10,20.5
2023,33,"NW","Pipiens",60,9,6.67
2023,33,"NW","Tarsalis",135,9,15
2023,33,"SE","Pipiens",34,15,2.27
2023,33,"SE","Tarsalis",118,15,7.87
2023,33,"SW","Pipiens",97,9,10.78
2023,33,"SW","Tarsalis",287,9,31.89
2023,34,"BC","Pipiens",0,5,0
2023,34,"BC","Tarsalis",211,5,42.2
2023,34,"BE","Pipiens",71,5,14.2
2023,34,"BE","Tarsalis",238,5,47.6
2023,34,"FC","Pipiens",325,43,7.56
2023,34,"FC","Tarsalis",1053,43,24.49
2023,34,"LV","Pipiens",139,6,23.17
2023,34,"LV","Tarsalis",344,6,57.33
2023,34,"NE","Pipiens",67,10,6.7
2023,34,"NE","Tarsalis",131,10,13.1
2023,34,"NW","Pipiens",58,9,6.44
2023,34,"NW","Tarsalis",129,9,14.33
2023,34,"SE","Pipiens",127,15,8.47
2023,34,"SE","Tarsalis",585,15,39
2023,34,"SW","Pipiens",73,9,8.11
2023,34,"SW","Tarsalis",208,9,23.11
2023,35,"BC","Pipiens",30,5,6
2023,35,"BC","Tarsalis",25,5,5
2023,35,"BE","Pipiens",53,5,10.6
2023,35,"BE","Tarsalis",75,5,15
2023,35,"FC","Pipiens",267,43,6.21
2023,35,"FC","Tarsalis",199,43,4.63
2023,35,"LV","Pipiens",110,6,18.33
2023,35,"LV","Tarsalis",242,6,40.33
2023,35,"NE","Pipiens",164,10,16.4
2023,35,"NE","Tarsalis",67,10,6.7
2023,35,"NW","Pipiens",51,9,5.67
2023,35,"NW","Tarsalis",49,9,5.44
2023,35,"SE","Pipiens",42,15,2.8
2023,35,"SE","Tarsalis",48,15,3.2
2023,35,"SW","Pipiens",10,9,1.11
2023,35,"SW","Tarsalis",35,9,3.89
2023,36,"BC","Pipiens",0,5,0
2023,36,"BC","Tarsalis",13,5,2.6
2023,36,"FC","Pipiens",314,43,7.3
2023,36,"FC","Tarsalis",71,43,1.65
2023,36,"LV","Pipiens",55,6,9.17
2023,36,"LV","Tarsalis",46,6,7.67
2023,36,"NE","Pipiens",204,10,20.4
2023,36,"NE","Tarsalis",22,10,2.2
2023,36,"NW","Pipiens",4,9,0.44
2023,36,"NW","Tarsalis",5,9,0.56
2023,36,"SE","Pipiens",73,15,4.87
2023,36,"SE","Tarsalis",30,15,2
2023,36,"SW","Pipiens",33,9,3.67
2023,36,"SW","Tarsalis",14,9,1.56
2023,37,"FC","Pipiens",439,43,10.21
2023,37,"FC","Tarsalis",23,43,0.53
2023,37,"NE","Pipiens",312,10,31.2
2023,37,"NE","Tarsalis",11,10,1.1
2023,37,"NW","Pipiens",14,9,1.56
2023,37,"NW","Tarsalis",0,9,0
2023,37,"SE","Pipiens",101,15,6.73
2023,37,"SE","Tarsalis",8,15,0.53
2023,37,"SW","Pipiens",12,9,1.33
2023,37,"SW","Tarsalis",4,9,0.44
2024,23,"BE","Pipiens",1,5,0.2
2024,23,"BE","Tarsalis",5,5,1
2024,23,"FC","Pipiens",13,42,0.31
2024,23,"FC","Tarsalis",81,42,1.93
2024,23,"LV","Pipiens",0,6,0
2024,23,"LV","Tarsalis",53,6,8.83
2024,23,"NE","Pipiens",5,10,0.5
2024,23,"NE","Tarsalis",25,10,2.5
2024,23,"NW","Pipiens",4,9,0.44
2024,23,"NW","Tarsalis",11,9,1.22
2024,23,"SE","Pipiens",1,14,0.07
2024,23,"SE","Tarsalis",24,14,1.71
2024,23,"SW","Pipiens",3,9,0.33
2024,23,"SW","Tarsalis",21,9,2.33
2024,24,"BE","Pipiens",1,10,0.1
2024,24,"BE","Tarsalis",75,10,7.5
2024,24,"FC","Pipiens",17,43,0.4
2024,24,"FC","Tarsalis",62,43,1.44
2024,24,"LV","Pipiens",1,6,0.17
2024,24,"LV","Tarsalis",31,6,5.17
2024,24,"NE","Pipiens",1,10,0.1
2024,24,"NE","Tarsalis",18,10,1.8
2024,24,"NW","Pipiens",7,9,0.78
2024,24,"NW","Tarsalis",8,9,0.89
2024,24,"SE","Pipiens",4,15,0.27
2024,24,"SE","Tarsalis",29,15,1.93
2024,24,"SW","Pipiens",5,9,0.56
2024,24,"SW","Tarsalis",7,9,0.78
2024,25,"BE","Pipiens",5,10,0.5
2024,25,"BE","Tarsalis",165,10,16.5
2024,25,"FC","Pipiens",38,41,0.93
2024,25,"FC","Tarsalis",261,41,6.37
2024,25,"LV","Pipiens",2,6,0.33
2024,25,"LV","Tarsalis",98,6,16.33
2024,25,"NE","Pipiens",14,9,1.56
2024,25,"NE","Tarsalis",120,9,13.33
2024,25,"NW","Pipiens",18,8,2.25
2024,25,"NW","Tarsalis",34,8,4.25
2024,25,"SE","Pipiens",1,15,0.07
2024,25,"SE","Tarsalis",96,15,6.4
2024,25,"SW","Pipiens",5,9,0.56
2024,25,"SW","Tarsalis",11,9,1.22
2024,26,"BC","Pipiens",0,5,0
2024,26,"BC","Tarsalis",100,5,20
2024,26,"BE","Pipiens",19,10,1.9
2024,26,"BE","Tarsalis",500,10,50
2024,26,"FC","Pipiens",83,42,1.98
2024,26,"FC","Tarsalis",536,42,12.76
2024,26,"LV","Pipiens",8,6,1.33
2024,26,"LV","Tarsalis",198,6,33
2024,26,"NE","Pipiens",26,10,2.6
2024,26,"NE","Tarsalis",264,10,26.4
2024,26,"NW","Pipiens",26,8,3.25
2024,26,"NW","Tarsalis",42,8,5.25
2024,26,"SE","Pipiens",22,15,1.47
2024,26,"SE","Tarsalis",212,15,14.13
2024,26,"SW","Pipiens",9,9,1
2024,26,"SW","Tarsalis",18,9,2
2024,27,"BC","Pipiens",0,5,0
2024,27,"BC","Tarsalis",123,5,24.6
2024,27,"BE","Pipiens",35,10,3.5
2024,27,"BE","Tarsalis",530,10,53
2024,27,"FC","Pipiens",95,43,2.21
2024,27,"FC","Tarsalis",335,43,7.79
2024,27,"LV","Pipiens",7,6,1.17
2024,27,"LV","Tarsalis",183,6,30.5
2024,27,"NE","Pipiens",36,10,3.6
2024,27,"NE","Tarsalis",167,10,16.7
2024,27,"NW","Pipiens",32,9,3.56
2024,27,"NW","Tarsalis",30,9,3.33
2024,27,"SE","Pipiens",21,15,1.4
2024,27,"SE","Tarsalis",127,15,8.47
2024,27,"SW","Pipiens",6,9,0.67
2024,27,"SW","Tarsalis",11,9,1.22
2024,28,"BC","Pipiens",0,5,0
2024,28,"BC","Tarsalis",225,5,45
2024,28,"BE","Pipiens",49,10,4.9
2024,28,"BE","Tarsalis",532,10,53.2
2024,28,"FC","Pipiens",247,42,5.88
2024,28,"FC","Tarsalis",612,42,14.57
2024,28,"LV","Pipiens",23,6,3.83
2024,28,"LV","Tarsalis",283,6,47.17
2024,28,"NE","Pipiens",60,10,6
2024,28,"NE","Tarsalis",145,10,14.5
2024,28,"NW","Pipiens",82,9,9.11
2024,28,"NW","Tarsalis",96,9,10.67
2024,28,"SE","Pipiens",82,15,5.47
2024,28,"SE","Tarsalis",305,15,20.33
2024,28,"SW","Pipiens",23,8,2.88
2024,28,"SW","Tarsalis",66,8,8.25
2024,29,"BC","Pipiens",0,5,0
2024,29,"BC","Tarsalis",245,5,49
2024,29,"BE","Pipiens",66,10,6.6
2024,29,"BE","Tarsalis",1069,10,106.9
2024,29,"FC","Pipiens",238,42,5.67
2024,29,"FC","Tarsalis",725,42,17.26
2024,29,"LV","Pipiens",2,6,0.33
2024,29,"LV","Tarsalis",127,6,21.17
2024,29,"NE","Pipiens",67,9,7.44
2024,29,"NE","Tarsalis",289,9,32.11
2024,29,"NW","Pipiens",94,9,10.44
2024,29,"NW","Tarsalis",138,9,15.33
2024,29,"SE","Pipiens",62,15,4.13
2024,29,"SE","Tarsalis",269,15,17.93
2024,29,"SW","Pipiens",15,9,1.67
2024,29,"SW","Tarsalis",29,9,3.22
2024,30,"BC","Pipiens",0,5,0
2024,30,"BC","Tarsalis",245,5,49
2024,30,"BE","Pipiens",59,10,5.9
2024,30,"BE","Tarsalis",848,10,84.8
2024,30,"FC","Pipiens",383,43,8.91
2024,30,"FC","Tarsalis",398,43,9.26
2024,30,"LV","Pipiens",22,6,3.67
2024,30,"LV","Tarsalis",314,6,52.33
2024,30,"NE","Pipiens",49,10,4.9
2024,30,"NE","Tarsalis",72,10,7.2
2024,30,"NW","Pipiens",178,9,19.78
2024,30,"NW","Tarsalis",59,9,6.56
2024,30,"SE","Pipiens",129,15,8.6
2024,30,"SE","Tarsalis",235,15,15.67
2024,30,"SW","Pipiens",27,9,3
2024,30,"SW","Tarsalis",32,9,3.56
2024,31,"BC","Pipiens",0,5,0
2024,31,"BC","Tarsalis",245,5,49
2024,31,"BE","Pipiens",110,10,11
2024,31,"BE","Tarsalis",1084,10,108.4
2024,31,"FC","Pipiens",228,43,5.3
2024,31,"FC","Tarsalis",989,43,23
2024,31,"LV","Pipiens",14,6,2.33
2024,31,"LV","Tarsalis",263,6,43.83
2024,31,"NE","Pipiens",61,10,6.1
2024,31,"NE","Tarsalis",233,10,23.3
2024,31,"NW","Pipiens",55,9,6.11
2024,31,"NW","Tarsalis",123,9,13.67
2024,31,"SE","Pipiens",88,15,5.87
2024,31,"SE","Tarsalis",560,15,37.33
2024,31,"SW","Pipiens",24,9,2.67
2024,31,"SW","Tarsalis",73,9,8.11
2024,32,"BC","Pipiens",0,5,0
2024,32,"BC","Tarsalis",172,5,34.4
2024,32,"BE","Pipiens",88,10,8.8
2024,32,"BE","Tarsalis",560,10,56
2024,32,"FC","Pipiens",359,41,8.76
2024,32,"FC","Tarsalis",681,41,16.61
2024,32,"LV","Pipiens",16,6,2.67
2024,32,"LV","Tarsalis",303,6,50.5
2024,32,"NE","Pipiens",82,10,8.2
2024,32,"NE","Tarsalis",279,10,27.9
2024,32,"NW","Pipiens",114,8,14.25
2024,32,"NW","Tarsalis",124,8,15.5
2024,32,"SE","Pipiens",123,15,8.2
2024,32,"SE","Tarsalis",223,15,14.87
2024,32,"SW","Pipiens",40,8,5
2024,32,"SW","Tarsalis",55,8,6.88
2024,33,"BC","Pipiens",0,5,0
2024,33,"BC","Tarsalis",136,5,27.2
2024,33,"BE","Pipiens",97,10,9.7
2024,33,"BE","Tarsalis",376,10,37.6
2024,33,"FC","Pipiens",211,43,4.91
2024,33,"FC","Tarsalis",601,43,13.98
2024,33,"LV","Pipiens",31,6,5.17
2024,33,"LV","Tarsalis",249,6,41.5
2024,33,"NE","Pipiens",85,10,8.5
2024,33,"NE","Tarsalis",232,10,23.2
2024,33,"NW","Pipiens",40,9,4.44
2024,33,"NW","Tarsalis",57,9,6.33
2024,33,"SE","Pipiens",69,15,4.6
2024,33,"SE","Tarsalis",271,15,18.07
2024,33,"SW","Pipiens",17,9,1.89
2024,33,"SW","Tarsalis",41,9,4.56
2024,34,"BC","Pipiens",0,5,0
2024,34,"BC","Tarsalis",53,5,10.6
2024,34,"BE","Pipiens",144,10,14.4
2024,34,"BE","Tarsalis",215,10,21.5
2024,34,"FC","Pipiens",256,42,6.1
2024,34,"FC","Tarsalis",411,42,9.79
2024,34,"LV","Pipiens",62,6,10.33
2024,34,"LV","Tarsalis",293,6,48.83
2024,34,"NE","Pipiens",73,10,7.3
2024,34,"NE","Tarsalis",160,10,16
2024,34,"NW","Pipiens",37,9,4.11
2024,34,"NW","Tarsalis",40,9,4.44
2024,34,"SE","Pipiens",122,14,8.71
2024,34,"SE","Tarsalis",163,14,11.64
2024,34,"SW","Pipiens",24,9,2.67
2024,34,"SW","Tarsalis",48,9,5.33
2024,35,"BC","Pipiens",15,3,5
2024,35,"BC","Tarsalis",20,3,6.67
2024,35,"BE","Pipiens",52,10,5.2
2024,35,"BE","Tarsalis",63,10,6.3
2024,35,"FC","Pipiens",277,43,6.44
2024,35,"FC","Tarsalis",276,43,6.42
2024,35,"LV","Pipiens",52,6,8.67
2024,35,"LV","Tarsalis",81,6,13.5
2024,35,"NE","Pipiens",70,10,7
2024,35,"NE","Tarsalis",40,10,4
2024,35,"NW","Pipiens",61,9,6.78
2024,35,"NW","Tarsalis",29,9,3.22
2024,35,"SE","Pipiens",113,15,7.53
2024,35,"SE","Tarsalis",163,15,10.87
2024,35,"SW","Pipiens",33,9,3.67
2024,35,"SW","Tarsalis",44,9,4.89
2024,36,"BC","Pipiens",12,4,3
2024,36,"BC","Tarsalis",24,4,6
2024,36,"FC","Pipiens",255,43,5.93
2024,36,"FC","Tarsalis",111,43,2.58
2024,36,"NE","Pipiens",134,10,13.4
2024,36,"NE","Tarsalis",43,10,4.3
2024,36,"NW","Pipiens",26,9,2.89
2024,36,"NW","Tarsalis",7,9,0.78
2024,36,"SE","Pipiens",81,15,5.4
2024,36,"SE","Tarsalis",55,15,3.67
2024,36,"SW","Pipiens",14,9,1.56
2024,36,"SW","Tarsalis",6,9,0.67
2024,37,"BC","Pipiens",19,3,6.33
2024,37,"BC","Tarsalis",5,3,1.67
2024,37,"FC","Pipiens",193,43,4.49
2024,37,"FC","Tarsalis",67,43,1.56
2024,37,"NE","Pipiens",111,10,11.1
2024,37,"NE","Tarsalis",25,10,2.5
2024,37,"NW","Pipiens",37,9,4.11
2024,37,"NW","Tarsalis",5,9,0.56
2024,37,"SE","Pipiens",39,15,2.6
2024,37,"SE","Tarsalis",31,15,2.07
2024,37,"SW","Pipiens",6,9,0.67
2024,37,"SW","Tarsalis",6,9,0.67
